6.590085857744441833e-02
-1.365857378938187955e-02
3.458713221597756182e-03
9.171752366154201086e-02
5.409826463299347021e-02
-7.194222522574737072e-03
8.811681679587911320e-02
-1.229703684883901027e-02
4.708462739863880642e-02
8.541885019008012281e-02
3.466710929785461748e-02
9.786795836853226516e-02
-1.768279632526938150e-02
-3.727807668646776484e-03
-1.322682037538971261e-02
-1.466753270490253093e-02
5.521177259588237740e-02
7.010368773874328663e-03
1.550033974838664966e-02
1.497944807161401617e-02
1.371971944735004070e-02
1.219270357407710795e-02
6.591881422259843193e-02
8.094917245048285914e-02
7.704993232884725651e-03
3.682607779322329133e-02
2.453081234529149932e-02
7.734487011702206871e-02
1.911119766267125111e-02
4.117676670550045326e-02
3.280515880740644818e-02
7.663306686044388250e-02
3.020275031750821113e-02
9.455576889637169746e-02
-8.636194002924431345e-03
6.633522670459947312e-02
-2.143646505094035093e-03
2.276240845194027820e-02
-7.039244777698704103e-03
5.712289942153334077e-02
5.684339816190671357e-02
-1.451335180415527261e-02
8.564428596789781800e-02
2.039080755550746679e-02
3.965549603583884419e-02
8.622647070630880262e-02
2.998259436258397456e-02
7.828637246987374398e-02
-7.288110476093061230e-03
4.450456465913683879e-02
5.270942933905446715e-02
6.540032185909902540e-02
6.475306498042537884e-02
7.389345791232966587e-02
6.975699297296435175e-02
3.107801714069446594e-02
3.417970502817699319e-02
6.091859714110228752e-02
7.629300046833301097e-02
-1.138317609028181854e-02
7.353989183929379725e-02
2.868552746894869818e-02
4.299421083300469792e-02
7.623437419557435590e-02
6.453059997132390424e-02
9.339868499336242968e-02
4.249558194492751573e-02
-1.465165972457540579e-02
-1.269523576546850718e-02
1.839507412420333596e-02
6.681007631909617606e-02
6.262389560877507089e-02
7.189207934051922155e-03
3.104820075754107303e-02
5.502441939382998748e-03
3.195922927920252787e-02
5.849266533534931700e-02
5.389780421941244015e-02
6.207019302014701867e-02
7.761670329187907169e-02
-4.918977307450701775e-04
5.418349926390128579e-02
7.368046808346734311e-02
2.356490922506812927e-02
-9.854254834527851128e-03
8.595788776795272590e-02
5.167449088123511614e-02
5.995858411996274340e-02
2.284324554747217337e-02
5.498716126308528240e-02
-5.884108768213698257e-03
5.726798389403658929e-02
2.994737357894724020e-02
-3.854560630834107104e-03
4.702000583731363870e-02
6.886475531012164336e-03
9.298945373542412407e-02
8.402707322624318464e-02
9.072883765847869486e-02
8.576438840334012215e-02
4.682379469540028094e-02
5.436960922398552387e-02
1.182160478320048655e-02
3.151993910659098286e-02
-5.095763309657636020e-03
-1.263450934491786720e-02
3.916737448648476005e-02
3.296776235402089361e-02
3.071615080961658320e-02
7.980922786778785888e-03
4.753222636079532104e-02
6.348817071239813703e-02
1.312955400939093062e-02
1.835638535387848838e-02
9.950792275363931627e-02
2.189598022547089087e-02
5.763725061276357697e-02
7.381467837713925895e-02
4.972123918988140268e-02
-7.275505817013682222e-03
3.828084899126461826e-02
1.496396356796322186e-03
1.351989898339645349e-02
4.243395676864869515e-02
1.937904612238805849e-02
9.818224713978192936e-03
-1.655092760082188530e-03
3.222576430370788225e-02
3.677467820219140759e-02
2.731144250882316243e-03
7.820078038363273421e-02
6.600061887582089892e-02
4.122656248322555117e-02
9.245603621320083731e-02
1.517558298057459718e-02
-4.049077599971733638e-03
-1.806129072683974185e-02
4.628978531471304725e-02
8.651206988974677325e-02
-7.340847996784307175e-03
7.110612814649072688e-02
2.450236999526638967e-02
-1.616708820501017857e-02
9.204696213325774812e-02
9.296636365359281506e-02
2.887689642889247968e-02
-1.809880197535321603e-02
6.161267788505758736e-02
9.823175810277938458e-03
8.204270969208977970e-02
9.539311808794195824e-02
-5.878937710294568700e-03
3.810610717429402383e-02
8.270741933538838797e-02
1.782919793968364489e-02
-4.989770280485722465e-03
7.985394348938681941e-02
8.253540563437425370e-03
1.494976187471195803e-02
7.673120775338319877e-02
3.018806327186926777e-02
-3.070389673140220405e-03
-2.235490525738417777e-03
8.297458431333175344e-02
2.075196881682978348e-02
-3.844422028570604333e-03
2.543716791881240127e-02
2.263734695736017294e-03
7.888670836588403124e-02
5.302763602222440587e-02
9.012657754501660068e-02
-6.551057008847303853e-03
4.435020438006992416e-02
8.731351007373215622e-02
4.019903022647697971e-03
-8.184886924211043358e-03
7.547965335741638193e-02
7.143204774897108505e-03
1.546950531578694318e-02
1.315791829934787396e-02
6.382498489794120877e-02
5.735961612575488089e-02
5.806781959211794464e-02
2.058025451445597356e-02
1.979377053293318936e-02
-1.076857501767142927e-02
-1.955731212017167153e-02
4.722497857150120826e-02
3.945729989746142585e-02
4.634981315060214546e-02
3.225046543376613312e-03
9.324052137954004504e-02
-5.768030973463043193e-03
6.856113501554873813e-02
1.585558154712119264e-02
9.727189600680896664e-02
5.027040628905625474e-02
8.384314632480838192e-02
-1.046280957143976356e-02
8.181790921286093143e-02
