1.368818334145468010e-02
5.760614804380984055e-02
1.797151056565864449e-02
4.739757514293117813e-02
-1.466977049242762857e-02
5.161128921044613738e-02
5.951389636547299578e-02
-1.668338188863334112e-02
5.886470031874556363e-02
-7.816117092378895362e-03
1.799132728498593556e-02
1.652315074675031470e-03
5.342677558731374898e-02
4.272822903283712836e-02
5.039100326804605429e-03
5.061816325874228528e-02
1.374184927213812149e-02
8.475327831136952872e-02
1.689477177486700676e-03
6.861118283592079758e-02
3.274459718605131353e-02
1.882212357461575739e-02
8.503023966379795462e-02
-1.584381388184193107e-02
8.301358365514339976e-02
9.102733749190600188e-03
5.932354967285852210e-02
-6.876535316852292259e-03
-1.532010312784082284e-02
-1.251309647494222577e-02
-1.756628964270166501e-02
3.951304758615019341e-02
2.692644404945570072e-02
7.350513901337249467e-02
5.713196217615910955e-02
2.563144045326399070e-02
3.329520645771315290e-02
9.872236197925690626e-02
-4.967304778523562100e-03
7.371644106754157710e-02
1.239239136034452418e-02
-1.800676600827302160e-03
1.701149328882016129e-02
4.636972250411826313e-03
-5.768121376968577199e-03
-1.230628151082475280e-02
-6.996425199210287715e-03
-9.144526127594247711e-03
5.212458331874640638e-02
3.019450449585809118e-02
6.219175815872791946e-02
-6.062207048388449510e-03
3.071933517074858580e-02
5.880501391473934303e-02
4.082425527464335346e-02
5.180317922785049323e-02
4.059227595006277556e-02
9.063608208341034089e-02
1.055554317130625447e-02
6.320541402986941393e-02
6.552499886600948731e-03
7.837651001982207100e-03
4.088334704671074682e-02
9.601912625609063112e-02
8.725363455740225982e-02
-1.257704643858477585e-02
6.711190195748223397e-02
6.043095491734856717e-02
5.960792011730844941e-02
2.221005617608919416e-02
-2.617400668897113675e-03
1.217471747681873537e-02
4.649840523904708034e-02
9.814607471702448127e-02
-1.153870722208370780e-02
9.057071973080696448e-02
7.429524024551305283e-02
6.307175886479630955e-04
-2.778588112711068148e-03
3.407849404436176510e-02
9.865397079232776645e-02
4.929226547041436202e-02
7.708982772359510016e-02
-7.875635613863431195e-03
-1.540622623168875528e-02
2.434298058857159094e-02
2.015973440012370707e-02
5.961780341345042367e-02
3.341459824897262398e-02
-1.581057255327584024e-02
9.118059181576071426e-04
9.876539173322669563e-02
9.512059276948550690e-02
-6.694855959391149414e-04
-1.054332262283654877e-02
7.070093173876455805e-02
-1.223405656491500376e-03
6.911378003352217081e-02
7.470307050611763727e-03
9.537606228432445044e-02
1.988854038218341655e-02
8.328713883341036517e-02
1.961283742530723143e-02
1.269352510403763332e-02
2.894225789351015377e-03
9.474386047930734300e-02
3.638934084284062287e-03
6.780549189777625163e-02
5.890928470980150156e-02
9.993330617626014489e-02
4.383459949718500337e-02
3.766954641568738549e-03
5.904781223470836893e-02
3.599371843686458017e-02
1.865869281092214990e-02
8.281227343566077009e-03
9.240044645973800874e-02
9.198194826652317246e-02
6.075251495402417268e-02
8.255777895078038331e-04
5.798752957767227406e-03
9.812780444345663156e-02
8.486697114364660788e-02
7.737901276930994610e-02
4.891674982285403039e-02
7.402256247601217420e-02
2.898259975215960668e-02
-2.569647133517594106e-03
3.589421253457993066e-02
5.586308131946877975e-02
3.587187969949735822e-02
1.196113449115500729e-02
-3.463571344250924999e-03
3.516124934639731914e-02
3.614722360245940791e-02
-1.209257619512519102e-02
5.538614624547776033e-02
3.179812483542993062e-02
-1.200280318345237421e-02
9.019156722883016342e-02
5.275353931270773677e-02
4.128229510606586106e-02
3.274482050605390104e-04
9.665096755219648728e-02
7.705320031548075488e-02
3.324348792087203353e-02
4.230695429726961942e-04
5.897716750187703694e-02
-1.003193792945242246e-02
3.700846143862117354e-02
2.833625251599754605e-02
-5.779177175724705545e-03
7.663636580100315066e-02
-1.938644773166629115e-02
3.427468124426590046e-02
-9.334103484162680278e-03
9.586269042899525639e-02
1.251105142188653138e-02
2.435800840243009316e-02
2.929419776361076241e-02
8.305132514107942121e-02
7.076283159971022418e-02
1.349637088565458151e-02
7.918812360594169875e-03
7.242378578568253039e-03
8.033820245510475688e-02
2.328549613967026768e-02
-4.970921866146088552e-03
-1.248701591341253025e-02
2.990516082803595585e-02
5.152445012728268381e-03
4.337024877582885962e-02
6.642146358421929797e-02
1.776644365717805138e-02
8.721008024356603772e-02
2.080247417351656705e-02
6.230705140614418991e-02
-9.351351812441279984e-03
-1.828961557117144560e-03
3.601400114061437119e-02
-2.186078573432483074e-03
5.359237044161709040e-02
-1.808233791570865168e-02
7.611702903460773606e-02
4.992477665538584686e-02
6.100767077365397417e-02
7.511165490992335880e-02
9.395560862455534790e-02
8.045867866377549860e-02
-1.643244572278418011e-02
-6.256683162927689432e-03
4.698227788348779965e-02
5.127055301091877626e-02
9.515829480392475059e-02
1.750420461503976455e-03
9.504573185876814823e-02
3.253870581413392110e-03
5.870787518210317246e-02
-1.358702332082170616e-03
-1.139455120083525570e-02
