1.106132841583669715e-02
8.203796295514041714e-02
9.705661743946861209e-02
-1.083792509222403916e-03
5.702023721864655365e-03
1.359775998414360434e-02
8.012615403410142112e-02
3.160584095391728854e-02
8.827583038275815808e-02
8.550857093376756923e-02
-1.840688114893837546e-02
-1.172873045590728559e-02
-1.195818942679676040e-02
3.956354841603838823e-02
7.924176333312013543e-02
3.531114752645954369e-02
-1.806461663794080297e-02
3.928836675334171358e-02
6.596484480876897705e-02
8.390532550622538388e-02
8.916229675358029738e-02
7.442467715399840589e-02
1.208535077117637788e-02
2.544772514548545791e-02
5.127932271009572052e-02
9.212935075323566703e-02
8.141985630643466809e-02
9.967613950930007127e-02
8.773189385541442509e-02
3.231160962910803458e-02
7.262088161925082941e-02
-2.204164425807439431e-04
-5.692239111035455115e-03
9.558533321411417927e-02
9.437040917672857854e-02
9.346334356916702335e-02
-1.027212923679429735e-02
9.128728252892741313e-02
5.717904137808788034e-02
4.522480855516680665e-02
9.561230327493747821e-03
7.716915760663782542e-02
8.349704153425742403e-02
1.617603040436526793e-02
9.740735581712149649e-02
6.089871140380274939e-02
3.887513286264872303e-02
1.643640719433186667e-02
4.094267671657585844e-03
6.366394954563148190e-02
2.731446341422754179e-02
3.287309828246376409e-02
4.541527983645557431e-02
3.881241476874952578e-02
-3.921861584393674521e-03
-1.797579867790079222e-02
7.765684339332570851e-02
8.691634424699391792e-02
2.846098306576386530e-02
7.509673346519475656e-02
6.665946634501038193e-02
6.842016398851702430e-02
3.122614429614769746e-02
7.589270176539136131e-03
7.376509776912096306e-02
8.358313013425483495e-02
1.450858885467490311e-03
1.672524346198933295e-02
8.096551246976753380e-02
3.075748445474276241e-02
5.209776821399435265e-02
8.350367105352046737e-02
2.148226503799804607e-02
1.275575716030154586e-02
-1.635681834022727904e-02
8.737219600176877876e-04
7.831793242276539890e-02
8.365706375170292586e-02
8.514160143921799262e-02
7.500185050957355881e-02
5.486677276013654514e-02
4.191709702042550889e-02
3.845011478492083024e-02
6.565224882086616309e-02
8.267607863178837169e-02
2.109218824495351016e-02
9.609464610459794720e-02
4.170537815288241634e-02
8.166211342571952359e-02
8.756000339468153482e-02
-1.101996164905654114e-02
1.315373410676949975e-02
3.315755990751217963e-02
2.465685313577434604e-02
9.167838682727770527e-02
-7.875800704147515111e-03
2.042122495575537586e-02
8.093016207991250710e-02
-7.220857944539259970e-03
-1.989500369151378165e-02
9.997389172284545933e-02
3.141579601005051181e-02
4.107760279984079554e-03
8.301196596919219184e-02
-1.337078436955409233e-02
5.869764005364543069e-02
2.704608786937198403e-02
-1.465584084145583194e-02
4.932047951150494991e-02
6.514149246938525512e-03
3.393135248870644827e-02
8.240240693020349505e-02
8.350357747910808204e-02
5.995677054654398319e-02
7.164735065419008953e-02
-6.082450399036386929e-03
-8.931426975297371632e-03
3.989351037181231019e-02
4.277656494387914454e-02
8.776223981618704040e-02
3.308803199058778233e-02
5.158057730884689496e-02
7.082281353744426800e-02
4.627458849746220182e-02
8.380227627711078764e-02
1.760752594807243540e-02
8.203566703531246784e-02
5.639925731669809261e-02
1.879719939129656861e-02
8.752202752120416540e-02
8.230358829001248322e-02
-1.748850898897632428e-02
9.399287783544159336e-02
2.788190114229488828e-02
7.179569075294257863e-02
1.991811979302164984e-02
1.812461556533232279e-02
9.791468532891649257e-02
9.497885399368060505e-03
2.413752184092656308e-02
1.520665354013913881e-02
4.946439379482979459e-02
6.831825441327071813e-02
9.888586349318727320e-02
4.013551980661404783e-02
9.410023925663467403e-02
2.079976111614680392e-02
-1.610855528347260660e-02
-7.039785311136713408e-04
-6.769190663754861420e-03
7.294817815837989494e-03
6.930365176325717358e-02
-6.706904250824137145e-03
1.752792748189378400e-02
6.199141950181431826e-04
6.433521487419241458e-02
6.754393378395442959e-02
3.465449148219078290e-03
-1.890768805646214634e-02
9.359151507799771952e-02
9.409293136244596678e-02
-8.788470496784502040e-03
1.628239180089284185e-02
4.539704933247587504e-02
3.594178199168300558e-02
1.012943339222905845e-02
6.326776079023599397e-02
3.605801291165719458e-02
5.005497307518641525e-02
6.067837597265046679e-02
5.898409169936912055e-02
4.355339095852139852e-02
2.355830265974648285e-03
1.135181166546770856e-02
-2.050620637046758621e-03
4.997637835922383309e-02
-3.535381105288053216e-03
9.987897225425154679e-02
3.785728544262083328e-02
6.951378063780190575e-02
6.213901330473389772e-02
3.826064466517480056e-02
3.427037772124894022e-02
6.081688688145008015e-02
2.490190899093935525e-02
3.409215422162426012e-02
6.425618158956562798e-02
5.902232969383158778e-02
-1.954168201094257790e-02
-1.596072031033742011e-02
2.898052147780053392e-02
2.770673320573730988e-02
2.239813848758518203e-02
7.535598327786181827e-02
1.663710672581137154e-02
1.482750373368764071e-02
1.121060856282380183e-02
6.384851605173921807e-04
1.731619303736226315e-02
7.517439160729892655e-02
