7.789483854859861889e-02
6.661900568000270195e-02
6.158922295060129115e-02
7.581437827109857586e-02
9.310916893406756545e-02
3.451358695376362251e-02
-1.798474671464956112e-02
3.403627135672210313e-02
4.060895358453395221e-02
2.685810307380010961e-02
-1.181304372082521599e-02
8.080363551169914005e-02
4.923195875570716973e-02
-5.740303843913493326e-03
5.165437627380695118e-02
7.046908924604018687e-02
5.458190289647402160e-02
2.296127572703962269e-02
2.081297905995718386e-02
9.189467711013028783e-02
6.424324886794158251e-02
1.986937186420214066e-02
3.000972701846449028e-02
7.606940287171777559e-02
5.070640162401424123e-02
1.170921626531052154e-02
-1.240193785885566023e-02
6.575741309060334494e-02
-3.964000784294690466e-03
4.519057130377544806e-02
1.449923589366648377e-02
4.009538044238608601e-02
7.412536386154641721e-02
6.853621580713779859e-02
8.545260720171771185e-02
7.189471835147152878e-02
-1.185663271950114332e-02
9.542004974285768493e-02
-1.638591771692055402e-02
3.368232123972340897e-02
2.265414737519309482e-02
3.213269544903701869e-02
3.499202966885130855e-03
2.908085718151672341e-02
1.823124722269031314e-02
2.156271885238614586e-02
2.362713008590952221e-02
8.610112816664385049e-02
3.858249192086489476e-02
9.493613807049523790e-02
5.641484650747002894e-02
7.325471838814592851e-02
3.005604415184979714e-02
4.606145798946195691e-02
6.824696581645850468e-02
2.166873115383230117e-02
2.811526217410938167e-03
8.315047101024672371e-02
1.810970429446772875e-02
2.527828269767850786e-02
9.642569488621803575e-02
6.730161829459453682e-02
2.773549556427759924e-02
8.444327341158848477e-02
4.595260537340106755e-03
9.022979508571968288e-02
4.803052493460531480e-02
9.455830270813050942e-02
-6.270847228760806705e-03
5.160607863175344090e-02
1.811764992971669555e-02
6.156412851160505961e-02
3.909674961169012919e-02
-1.183374814985171074e-02
3.418182348526259406e-02
6.836876337085015520e-02
2.299697764243732387e-02
-1.516331242614903790e-02
7.811122261913695797e-02
7.839700843752104437e-03
6.054204292954146194e-02
7.864963026525792489e-02
3.206320984188433532e-02
1.798556667475594353e-02
8.917732553975663001e-02
6.397784038710362109e-02
8.579006309531297947e-02
1.922874583895342257e-02
-1.213337051873178245e-02
-1.269860578528908199e-02
2.506963514539137586e-02
-1.869420979230545718e-02
8.257298759328353388e-02
3.914278473129687019e-02
4.718625226709070863e-02
2.645496644010461237e-02
9.344739240189416096e-02
9.802708144183018557e-02
1.771893374216961317e-02
1.627349286932955677e-02
-1.593573370830671243e-02
6.571829531543052494e-02
1.752780477975934489e-02
1.930653786074789172e-02
-8.793114131047453583e-03
6.073996859904673418e-04
2.976953372820418178e-02
-9.119182149611519336e-03
8.756480108773795346e-02
8.074267000204234102e-02
4.364765029690303999e-02
-1.941834436980088494e-02
4.665518252905645480e-02
7.527682110147818767e-03
2.056560922267959210e-02
8.058747054456856518e-02
8.561029983747209249e-02
-1.880454011749459198e-03
2.895604436381924232e-02
4.314201296908870553e-02
6.270970995381987267e-02
3.517905923380787447e-02
4.765796815979179979e-02
4.971111307757755671e-02
3.690928151217978681e-03
5.613063378480667720e-02
-3.330567048886907966e-03
-1.051842121675198964e-02
6.575261163151750743e-02
9.534561607979881448e-02
4.732611309870010663e-02
-2.197080303562089221e-03
2.238489978983630377e-02
-1.882022798965055435e-02
9.769442065554960475e-02
8.765818235904297706e-02
7.644623217237894730e-02
2.588881887692766684e-02
6.554059965887762407e-02
9.733448128125542220e-02
8.102913491962462911e-02
8.355327567827325330e-02
8.446234250307091407e-02
7.711849711325292900e-02
5.839101435146359931e-02
-4.756109568095969256e-03
4.161575475438938909e-03
1.537573828628489500e-02
9.460818600475150164e-02
-1.212934116207104070e-02
7.281076772718760026e-02
7.271702536404414663e-02
6.629106425053057916e-02
9.399523999418905179e-03
2.957886787375197876e-02
1.071559801071350626e-02
2.368081497886416822e-02
5.992819966815846056e-04
2.614305756729836186e-02
6.365327197486517208e-02
8.097023808971798298e-02
7.621549313852714336e-02
5.160870932782800347e-03
-7.049080180021030304e-03
5.018010389716329178e-02
2.557349183503951004e-02
7.832488741783458219e-02
6.179339628982602473e-02
8.513074023814568014e-02
9.482353106375454588e-02
3.830118417985534096e-02
8.829981848329404581e-02
5.405422503516241206e-02
6.735880577741214237e-02
-3.719012379747334979e-03
6.259458720034850876e-02
8.541510098741625368e-02
1.576158281878073039e-02
-1.941744983711175127e-02
6.306595084386333594e-02
-1.316625654678763371e-02
6.138364812292046446e-02
6.614123019873291431e-02
8.366032888590334282e-02
-4.715795787919717375e-03
6.901016720328935483e-02
6.113872374260169440e-02
9.047027036195351424e-02
9.256017660413042025e-03
8.629550143796714534e-02
-1.497957605598478070e-02
3.447008537724513544e-02
7.520831996518496931e-02
6.256446439922352942e-02
2.990852214044033633e-02
3.101243409474615728e-02
8.907058403628181908e-02
2.458984592054236015e-02
1.286092997215482550e-02
3.563754273295566266e-02
