9.078078747076601812e-03
5.733486093757685087e-03
-6.536862827152782954e-03
-1.324712908952438081e-02
9.024791606028705060e-02
1.549198743065699144e-02
-1.055164283754252488e-02
2.885203272335138194e-02
2.655580407111044969e-02
-8.749075969780778506e-03
-5.889800307534564378e-03
-1.452791723545765121e-02
7.543191552890303464e-02
4.669360964406496506e-02
1.975040312904809484e-02
9.029304211205037289e-02
-1.323570601907931091e-02
4.765991497300524349e-02
2.275929935403588414e-02
8.354416288821933656e-02
7.896621223381464216e-02
2.833643942812530750e-02
4.232572386676196341e-02
-9.357676236868362266e-03
-1.525454747812391917e-02
1.038211081038225431e-03
4.098420933681198863e-02
2.098094464716388288e-02
-1.537565132301434850e-03
3.257840595299209274e-02
7.983984613731635871e-02
-6.569344976291606117e-03
3.865634962541347752e-02
6.345477411204315799e-02
1.117981547246935103e-02
8.959676486048021027e-02
2.889553964765393182e-02
-1.392641061740417484e-02
3.258267867389814942e-03
5.084900152525156924e-02
9.489794166964340971e-02
4.281188090097709509e-02
-6.487428961945113787e-03
6.489414388572399550e-02
4.706346775634234064e-03
3.278626308912996334e-02
-5.055837385238350426e-03
8.500959816734850183e-02
4.304376225679179546e-02
-1.069489835764633745e-02
4.690330154016492115e-02
3.627507800784245118e-02
-8.195532088495398673e-03
1.931933727843345924e-02
2.621868874424971782e-02
3.512017411418832946e-02
9.349517462159366576e-02
-8.247571592231047605e-03
1.850939024949073072e-02
1.674248286339927172e-03
1.275052379704206748e-02
7.884457229220558083e-02
6.915958283479120561e-02
1.081644058544305523e-02
8.363367390744190499e-03
9.058479605247023864e-03
8.266454391034862292e-02
6.923673111451415785e-02
5.000695494806539632e-02
9.202126224929860210e-02
2.202273573388924266e-03
-6.667597305553654360e-03
-1.380640235957009132e-02
6.528009890525719727e-02
6.605730365905990165e-02
-1.520099883331533369e-02
9.167059272254345081e-02
5.451457140480837904e-02
7.574022428672788632e-02
-1.219094207943961262e-02
-1.942818661214697207e-02
-1.482165519802446617e-02
9.937955506941728578e-02
5.766174408488482228e-02
1.796439546407936627e-03
8.312266118313557661e-02
5.364975723575360345e-02
8.825455781066252059e-02
8.008604744265135356e-02
9.102149338914804211e-02
9.740788032775719862e-02
6.063517172216044415e-02
2.992398219448587707e-02
5.092543665661868058e-02
9.290305309717469123e-03
-1.430573609413750454e-02
3.537668717615016778e-03
1.633178151169696266e-02
1.911030778451604586e-02
6.600328525009920011e-03
4.843358059140610850e-02
7.173244472625367463e-02
4.664161892096443940e-02
-6.723901555985309017e-03
6.386682168561182149e-02
3.628070980322778416e-02
6.604265692791906617e-02
5.136957056812423150e-02
1.448421181527118073e-03
7.794666050607704233e-02
-5.384088237648850667e-03
9.321020175360753002e-02
4.296725315226108954e-02
9.327422394156083263e-02
9.718907368422460835e-02
6.539546869139686858e-02
7.878889885259533765e-02
5.651658144629281844e-02
6.115895490525122269e-02
4.697661066195224500e-02
5.259009087867819177e-02
6.959236217838209171e-02
1.554660832371160609e-02
8.293699065077302784e-03
4.885886734021634148e-03
-1.715399423505283363e-02
7.934278521967412512e-02
6.524355376141034724e-02
6.120792585330626923e-02
4.562204710289698151e-02
-1.194381729134160429e-02
-1.471630852322627220e-03
8.160448276313518601e-02
9.645544029718948476e-02
-6.181169117258593707e-03
9.585226185483843031e-02
4.486833718587128483e-02
2.479075462786026543e-02
7.278000277413675112e-02
8.067071994486046949e-02
1.952534868904358747e-02
3.557741000034517209e-03
3.096802025870804345e-02
3.026912414990871533e-02
1.398020931403745615e-03
-1.428433904263060050e-02
8.107556480561056711e-02
5.667139730814088616e-02
-1.352057881985578580e-03
1.842614799334063580e-03
-7.977308477939244399e-03
6.623321273093389638e-03
3.234036488560201872e-03
7.667967457981586521e-02
8.776434107720042233e-02
-4.348945903111776229e-03
6.169400012898480778e-02
6.946795268117499089e-03
6.346948883541242425e-02
2.716367966717331620e-02
8.314156035760805752e-02
6.334484021288390443e-02
4.432598278082972021e-02
1.772640729690278319e-02
-1.445559371153800482e-02
2.644725093225025470e-04
5.124902997698700668e-02
5.477960207720579400e-02
6.209728814996880175e-02
9.361246982955695461e-02
8.533622345761641970e-02
7.272347132921463952e-02
1.332676673450076607e-02
-1.537197066753846417e-02
3.598771714698321966e-02
-7.115771452151017917e-05
6.104679128320711357e-02
1.596954570135117324e-03
8.535118016010302677e-02
1.184024670727530301e-02
7.513749222600940580e-02
6.144391044706602051e-03
8.607431459503113447e-02
7.413708780033095858e-02
8.991093214222216357e-02
3.167368874489583097e-02
4.458427263156485021e-02
6.308878803327414020e-02
1.109156482370867933e-02
-2.525482518342454796e-03
8.550300872871846591e-02
1.449630954987061668e-02
9.994658845147208481e-02
-1.223439431872350158e-02
7.584903006975338147e-02
2.433239401361672952e-02
1.991675740069289921e-02
1.048161129691886628e-02
2.735843748216571988e-02
7.629767106200462112e-02
