7.792349443278309695e-02
6.756026660840173947e-02
3.735609056560122709e-02
5.346812690420715830e-02
4.579760929273446468e-02
2.846350696631408037e-02
5.457710811290061859e-02
-1.558785887810227797e-02
5.681270631257229198e-02
2.502019996152114387e-02
2.081965959278305953e-02
6.173083175749037588e-02
3.566576046638979258e-03
6.120807430874387889e-02
6.429637886804846769e-02
6.160965334195048215e-02
8.955501232610567353e-02
6.328256416160139841e-02
1.279311731275437417e-02
2.621014993079380864e-02
9.646060866135708345e-02
2.336317505009491771e-02
5.011962277714898661e-02
9.271085189886969780e-02
6.893888385190095891e-02
2.492937532037700979e-02
2.308440332676968756e-02
1.413572268471647783e-02
8.525964691988124899e-02
6.686641062243560418e-02
2.024759349125804589e-02
3.727074021267866299e-02
8.639514354744082247e-02
8.673185263270208334e-02
6.756196156024726895e-02
3.619262356683491944e-02
9.194037118377595963e-02
6.061110972237863936e-02
5.538628097247984272e-03
2.974257613505330508e-02
5.303046251605603167e-02
1.717664473705015835e-02
5.841816773059473056e-02
8.363389655612041285e-02
2.910947752744348985e-02
4.282782931459838682e-04
9.028209858471666904e-02
4.774176572592571388e-02
6.231693506838625884e-02
-6.506693433935412801e-03
4.768917223583889198e-02
1.923944133752054572e-02
3.833416784701142166e-02
-6.578075304724494837e-03
5.042181698585461447e-02
-1.554556379730583256e-02
-3.347653161939433131e-04
2.014979613667343752e-02
9.062282139688758453e-02
-1.014179185741429304e-02
-3.758199234763049540e-03
6.969596647220767383e-02
4.036682296177224183e-02
-7.409080348943346619e-03
-1.165663052546403976e-02
3.308230498442436829e-02
-4.130516494449277404e-03
7.611589508103280832e-02
5.659068118867920105e-02
7.419155121469110659e-02
9.763983980135886032e-02
5.930184156025624514e-03
-1.613652856963916291e-02
6.959358163896578464e-02
4.896526656468823402e-02
4.079617312892364067e-02
5.524231437724486105e-02
-5.830146659629149505e-03
3.744442817861531880e-02
6.944693225990457297e-03
2.026853278878568143e-03
8.538628286261412681e-02
2.182652179404851941e-02
6.871913962299801282e-02
3.970683685890888381e-03
2.362226952240590455e-03
6.987758700527367528e-02
-1.824655107169392831e-03
7.817451772954496503e-02
-9.054480425040036320e-03
4.901282442497198466e-02
1.629224055762110504e-02
2.630615747017850045e-02
1.137368465671912202e-02
4.103156675146650556e-02
3.100889076987113635e-04
2.433682996784608879e-02
9.826397289226783405e-02
8.045244336359785864e-02
2.049419996737470231e-02
3.299173955003402436e-02
-1.865217167576371446e-02
1.002961963460543074e-02
3.815783938556156774e-02
7.282965064565517788e-02
4.844548219875335904e-02
4.662379011302307530e-03
5.695933636026015434e-02
5.886217510972285849e-02
9.788969479163200926e-02
1.279411787075180468e-03
7.758271119753332168e-02
-1.048285731349265885e-02
4.538705524148682613e-02
6.254624812312588322e-02
4.156553178569602491e-02
1.831188220990355789e-02
-9.271564442955723684e-03
9.979840382669563636e-02
9.355946506124478146e-02
2.970807307243013631e-02
-1.355146637708104507e-02
7.377948617481736027e-02
3.687740120678242861e-02
-1.645236466958373278e-02
7.299570487501282068e-02
5.664512805021404418e-02
3.979526777223862943e-02
5.331862907118622985e-02
1.227309248723521332e-02
6.975420131697737669e-02
8.157727083291024806e-02
2.633878452076619456e-02
4.659330185632347410e-02
6.617697269568519058e-04
5.502204118186569681e-02
3.924837211892816258e-02
2.181314166126511675e-02
6.318715797084235863e-02
5.918934000766574999e-02
8.618481860780428938e-02
7.171365575537710924e-02
4.836415503703793417e-02
7.266803717924449901e-02
4.559984805697669952e-02
6.919691825360005377e-02
2.388587559623422604e-02
-6.602983008913917984e-03
7.209767781177583990e-02
1.389683648099407018e-02
8.046686771797900706e-02
3.410709892622258710e-02
5.606972994169058533e-02
4.705721425077197262e-02
7.089059264380108416e-02
1.596904217915586302e-02
8.642263658638549284e-02
2.037785112981672919e-03
9.177398383831721074e-02
9.978628686001406178e-02
4.248923552016739547e-03
2.475303771476347961e-02
8.077164651912971394e-02
6.318513073007706038e-02
8.937882209630641783e-02
1.846944138597777715e-02
7.027390374498942993e-02
5.983462373751236019e-02
6.160356347791138415e-03
8.997105343577070646e-02
1.636561068189040444e-02
6.881001023391165872e-02
8.082667618303623902e-02
7.328555985073366419e-02
1.482268758004130424e-02
7.564930869853593587e-02
8.629479381276150551e-02
4.388968002785950673e-02
6.716209448820348316e-02
3.751352922523494560e-04
7.359821334732455367e-02
-1.164938675950925179e-02
-1.218168803608853101e-02
6.534902034844770891e-02
6.570587624068843779e-02
-1.189676542165639048e-02
9.588487036009765707e-02
2.793596483335234262e-02
2.689163692082812210e-02
5.581959830499247377e-02
6.312126143454001304e-02
5.565805408165308554e-02
2.039828996809886844e-02
1.258594552497233413e-02
1.438767532493804083e-02
3.472065427196698029e-02
1.948138094533137868e-02
9.580735799801722019e-02
6.507568022359731807e-02
8.319205525745673735e-02
