-1.543971903018410280e-02
1.519888714918838160e-02
2.877833954236214478e-02
4.564692033059203347e-03
2.988583815730462209e-02
7.525799460320438394e-02
4.966352285587743998e-02
8.596250895579974488e-03
5.105429028153823934e-02
1.436294245115541171e-02
-1.269001071441516054e-02
7.630384612122534382e-02
9.632386531351393166e-02
7.187713425061018069e-02
3.543773323329689473e-02
8.888536001240086859e-02
7.506757194347295215e-02
5.801105887814292372e-02
5.821072979604742514e-02
2.649146303924685558e-03
9.184113995203153913e-02
1.013619140582744035e-02
4.170063082364638962e-02
6.455255860363932896e-02
7.947378266204313535e-03
3.566743909964260884e-03
4.435918077232944845e-02
-1.019610290025764823e-02
9.819170318100096939e-02
7.957224055939794705e-02
6.020531268216264276e-02
4.375156790732569190e-02
-1.991334165212567398e-02
4.878264151732987497e-02
-1.881906244388445448e-02
7.825440930359865710e-02
1.570585643730248657e-02
2.960706187421766403e-02
8.599332366027172270e-02
8.544962123267510479e-02
3.592569900648538705e-02
9.626326380949071226e-02
8.312838984662458686e-02
2.867798230138710394e-02
9.510503880725204584e-04
5.753786918671861123e-03
-1.316002522618437559e-02
1.775029449869772527e-02
7.056827110712479700e-02
9.580037445851659339e-02
9.103584094242984925e-02
5.139258582891140237e-02
5.314519327358168538e-03
6.070161538595414408e-02
9.378890361528488540e-02
6.223386118636983072e-03
6.466639518728667380e-02
-1.773814910800763228e-02
8.833978306959759663e-02
1.109476470637718246e-02
8.081041693652642188e-02
-1.777480449135351165e-02
4.574953280539587053e-02
4.946500302422228434e-02
-1.792826523985428105e-02
-8.988386946266921709e-03
3.116452898019848178e-03
7.081204319599522512e-02
4.434091423796228393e-03
-4.424262579883072102e-03
3.171351380448096668e-02
5.974242463288517713e-02
3.512303249907235136e-03
9.595835946686541440e-02
2.760497727270770293e-02
7.791932556768776941e-02
2.578131326524648118e-02
8.176450876444690818e-02
4.717463680095548839e-02
5.665771609136735498e-02
4.853274841868647493e-02
8.486607688465026833e-02
4.232800011365812909e-02
1.092918457056922879e-02
8.210826365461826315e-02
8.262038890141237824e-02
7.630743356583589987e-02
-1.943083579860887741e-02
9.203871240862548930e-02
-5.470088483868392956e-03
7.297623942456418766e-02
-1.487874786158718300e-02
2.715154585177406363e-02
7.773959506131734865e-02
9.276631652536133921e-02
4.065759008716714196e-02
7.850667082543796860e-02
2.416308167114963532e-02
1.199899955427505271e-03
4.284666718924445838e-02
1.266803574428579729e-02
6.409934678538908859e-02
9.517239756645991255e-02
7.455977721437387351e-02
4.159977498872728663e-02
-9.071077894246397724e-03
9.664805919320783312e-02
6.243099769925594678e-02
4.814328831155756383e-02
2.890052611952806730e-02
8.906638943394160068e-02
6.547850962468082514e-02
5.018351913306196010e-02
9.554161618110226795e-02
3.963789233228870446e-02
5.383032864383331673e-02
4.058626219644159705e-02
8.474418714068755742e-02
8.702239180525929430e-02
1.092806090275549868e-02
7.122069906224912095e-02
4.178011865343797537e-02
4.844623794073445178e-03
1.854221702697707655e-02
2.533381228583635528e-02
8.778482584003161060e-02
-1.552424520616910164e-02
6.867738612302151657e-02
3.778418582393532066e-02
8.763232622431216257e-02
9.648187055437568160e-02
-6.799943158745578448e-03
4.074614830050898862e-02
5.177381146517233412e-02
1.808592025774541714e-02
8.857037433920925129e-02
5.769097555010359313e-02
2.254664683728759347e-02
9.607626640135251417e-02
8.197896536379913057e-02
9.108701040616300204e-02
3.387328400178063470e-02
2.959004575983392379e-02
9.189590315224745176e-02
1.629359974787720003e-02
3.751152903162208174e-02
9.022565845370622561e-02
-1.134123036640789783e-02
6.176779276329576185e-02
-4.338256329844247805e-03
5.277287654843169917e-02
4.042771719601356839e-02
1.874854180257981215e-02
3.597428486058498742e-02
6.043606052509702120e-02
-1.324439399044260307e-02
7.753349043699349352e-02
4.351148829702314313e-02
2.621375355345464606e-02
7.330370264553123794e-02
6.445623057333785266e-02
-1.963115603412837404e-02
4.290879149284713978e-02
9.530807399590517093e-02
1.636004615375126828e-02
-6.889382604366584006e-04
5.935932161731335976e-02
3.995467449670365989e-02
4.679518012322456122e-02
1.260128687625261187e-02
7.564711383317150595e-02
1.003775646381063757e-02
9.099095609314305361e-03
9.874742446294081100e-02
5.174499354975964360e-02
-1.505366573200997773e-02
-1.866414603173149542e-02
-1.492985625227032098e-03
2.493048246414831040e-02
-1.835759273275940767e-02
-1.430569501615205213e-02
3.869506228075623999e-02
2.677560447149635384e-02
8.805652595760569967e-03
4.308704013143624389e-02
8.834140183985089712e-02
3.797075456024122386e-02
3.209310661725070513e-02
7.660497599042883493e-03
7.754258412452140481e-02
3.870445840669775595e-02
-1.807559590170583833e-02
4.802960152336792354e-02
6.023558270069458154e-03
7.740518068962834453e-02
7.101621477569008967e-02
2.889292807484741474e-02
5.824758996149415058e-02
4.271606884186834874e-02
3.788252362728017353e-02
