5.187739589839834853e-02
9.954623514478916357e-02
2.858356913151434767e-02
5.137908640646123015e-03
-1.378621757661253194e-02
5.967327693412405321e-03
7.702684774030729709e-04
6.228019962193866166e-02
2.169100348674920728e-02
1.113979678859631714e-02
7.085524416381179524e-02
8.035411892280588941e-03
3.896816357746470116e-02
7.264284348503970146e-02
9.359795376272475598e-02
9.270902291446289634e-02
6.261252306926971822e-02
2.804959203154213168e-02
-1.141627775420730323e-03
9.428920122205246279e-02
3.389325722352343195e-02
5.942778783207790239e-02
3.472038783687622643e-02
8.362181638131749306e-02
3.167994431892019042e-03
3.450169584384887855e-02
5.150499262572912074e-02
9.309267181025336624e-03
-1.969266462878927967e-02
4.219809839548381569e-02
2.854528323561067796e-02
-8.002357220288774942e-04
1.046162650784288398e-02
8.595724217245451215e-02
6.283294884142966163e-02
6.206617727943883334e-03
2.470908287367123632e-02
-1.249806550135020011e-03
6.230784056598380471e-02
7.961232739148918491e-02
6.478278662581191116e-02
9.483908167082125140e-02
6.754258016416848920e-02
5.984522611528802355e-03
2.443232593538777198e-03
6.292641416175458191e-02
3.574863774974411379e-02
3.881091439396647247e-02
1.757206659899493775e-02
3.094274687043875247e-02
8.799399860145634689e-02
7.198463591506565340e-02
6.729211637108234445e-02
6.539717668914424298e-02
-3.251220891909881866e-03
6.716922871950756213e-02
5.856484718159724046e-02
8.879973744510007150e-02
5.526938755986335328e-02
9.924469403998743833e-02
-1.299226597594075119e-02
5.976855732693307777e-02
-2.144024971205350100e-03
8.136098952588489974e-02
1.680974744799585210e-02
4.779848261264128817e-02
1.479852946003736361e-02
-1.002710535768782697e-02
8.382545441632942296e-02
-1.477859265296907476e-02
-1.245872540334702280e-02
8.414222283433646365e-02
7.806337516738948157e-02
5.893667252125603384e-02
2.983011113004527606e-02
-3.097899982668950863e-03
-1.983362100548613852e-02
4.321420922706983858e-02
4.005019749697494302e-02
9.129927809151298923e-02
5.798946200063054279e-02
6.795448002670934073e-02
9.457397443062638687e-02
1.504321988853822914e-02
4.046510698626321068e-02
8.362892190803872944e-03
8.269317477961850293e-02
7.777398753083372696e-02
7.405741657340451922e-02
3.804775903948483251e-02
7.822082055314505400e-02
8.691157780127399535e-02
9.853566061925386754e-02
3.434220011543742679e-02
8.657212847453814308e-02
3.545217591472621388e-02
5.250533037696610006e-02
-1.841666305212356913e-02
3.197342694009529251e-02
2.256749499610928925e-02
3.498614617802069116e-02
-1.602696925431131708e-02
9.039674112513501614e-02
2.057379735006808000e-02
4.860992436228767088e-02
9.689485129855289480e-02
9.138611659634116036e-02
-1.809573497454270916e-02
1.151704359948324194e-02
4.360940474872890271e-02
9.300227125033833087e-02
5.853081151998545256e-03
3.382124947764510170e-02
2.259179754486615940e-02
8.742852404978376790e-02
3.185039578392394322e-02
5.929067562479969911e-02
7.894478622360689979e-02
9.763238346176811300e-02
4.393549627675216729e-02
-1.685810494875191606e-02
3.735827686028377059e-02
2.050783086284884218e-02
6.991352853844667870e-03
3.361821833836267648e-02
1.181137498306724862e-02
6.831166173131789088e-02
-1.600132811103024619e-02
6.739259791992019411e-02
7.289804028624449761e-02
8.430513255843395670e-02
5.595651288378490629e-02
4.474362944578616497e-02
-1.249181693732659415e-02
7.539613262495004076e-02
-3.721853859301425815e-04
-1.808483017069028448e-02
1.148662117031737026e-02
-4.461998634207313408e-03
-1.558469373910122482e-02
7.708454417504083389e-02
4.914312675045633128e-02
1.475767480647898269e-02
4.150684275791122202e-02
7.110689791955619732e-02
7.752314191444820146e-02
8.432066754176407997e-02
6.096323210279998295e-02
-3.810101425450487106e-03
9.721580336726662330e-02
6.809724262692759544e-02
6.869293603097827161e-02
6.895056513943516319e-02
-3.529247197700556560e-03
2.056229660198287748e-02
8.011779773485636080e-02
7.957517649286471872e-02
3.766650544127818356e-02
7.962706343908547424e-02
6.665787660617387977e-02
6.853415324660483421e-02
7.381683507685021794e-02
6.020931801401251116e-02
7.941406057301142463e-02
2.143534096827632088e-02
4.125936260763395091e-02
6.190359653408013252e-02
8.509909241152687626e-03
2.269873179126260035e-02
5.507016047769165701e-02
9.312540545340351750e-02
-8.439460020414254679e-03
7.595403405794076690e-02
1.906557899063319669e-02
8.532730521630590981e-02
1.960190908634852278e-02
-9.938578011040605925e-03
-2.461020342196439115e-03
9.488878812438598931e-02
6.610085087541689441e-02
9.053088236931003396e-02
7.877433714699488831e-02
1.218325668455238348e-03
4.753629361476399695e-02
-1.914803054998448842e-02
-1.392543199293628554e-02
8.704858582266801481e-02
8.813054902804087765e-02
2.257496887359130774e-02
5.047148012983170007e-02
-6.984958610792086492e-03
7.771102024275555742e-02
-4.243548320632346826e-03
-4.985917228319636935e-03
4.322644834196111285e-02
2.424183140876636985e-02
1.721281924900812041e-02
4.761811595183032542e-02
-6.703400303618803693e-03
2.620083396713851140e-02
