6.485328691683597824e-02
5.181796828931167775e-02
3.217238682726600296e-02
1.658207354356133409e-02
3.432177225770997181e-03
2.154099328448054115e-02
-1.823235164079967455e-02
5.158473991176075468e-02
8.977783723517578085e-02
8.499425741583889471e-02
-5.164760932290998752e-03
8.330834336801554163e-03
5.954443253029038929e-02
4.526671916897481718e-02
7.763313093137526322e-02
5.217940301566170724e-02
9.920353644262588921e-02
3.141526638132172145e-02
7.829796608626847509e-02
2.951718754724155444e-02
4.927669480475552199e-02
4.727964743217619170e-02
6.905467040892655783e-02
9.565045034768142329e-02
1.187715615443715386e-02
5.271874837117676571e-02
6.685538025910577054e-02
-4.797021457985869985e-03
4.368046018068146019e-02
6.908221229779268335e-02
1.143011009254869467e-02
2.510698695790727561e-02
3.043888214814063561e-02
6.048850490630985205e-03
8.728030129226481415e-02
-9.092699254765999189e-03
-1.826305903783973644e-02
2.986452759802168608e-02
5.331390595572804703e-02
6.962103885912140910e-02
1.004527110604299181e-02
-1.568964287087870613e-02
2.342251464427418453e-02
9.018687547564337159e-02
-1.099938251606701924e-02
6.600084086418001039e-02
2.583871541826881710e-02
8.706912596004978688e-02
8.210553383830612728e-02
4.461302432422428743e-02
6.144332455251927394e-02
7.393678937010390861e-02
6.517424317020320546e-02
-1.417043828771332586e-02
7.196169874083846452e-02
2.394862607299087440e-02
9.920162327039326600e-02
5.353738752913238252e-02
2.187926947074127215e-03
3.775450471662394891e-02
7.632167008733435620e-02
7.525821218656095213e-02
4.104689973433653383e-02
-2.811419275962796782e-03
2.753885776553296680e-02
-1.035348205717673969e-02
-1.807022254174877468e-02
2.031788701554074553e-02
1.609458361635779725e-02
9.560341602290871321e-02
-1.947198083338313665e-02
7.190574271872662848e-02
9.235738494544596527e-03
2.059679002156180119e-02
9.291471352462866984e-02
2.795537956278748223e-02
-3.398728662291614078e-03
8.667646223382971526e-02
2.861890049984737103e-02
8.915577945807251492e-02
2.212720924510334572e-02
5.330959360607286091e-02
7.345693525175392424e-02
6.484862170333019482e-02
3.299714046129502421e-02
9.020611486968566073e-02
6.133354125786653899e-02
4.665319374813881037e-02
7.386072384179394323e-02
5.647121508142179114e-02
6.371297612271603628e-02
4.436290165185614170e-03
8.751691228103970766e-02
4.728656573304647337e-02
-7.066188954040824796e-03
5.144510971219271034e-02
-6.004614285809601812e-03
-1.367881360798461551e-02
-1.720492459443900141e-02
6.619664609536878019e-02
2.615676276421756777e-02
7.530644398153926028e-03
1.142141227744533985e-02
7.073119643551757652e-02
6.101101079681625627e-02
6.041368950725843623e-02
8.711340240703646653e-02
4.103659501252786279e-02
5.032846850868247235e-02
2.059268049792279190e-02
5.138799042763665670e-02
3.735515266666863954e-02
6.992362338503417540e-02
8.590264810496077430e-02
-9.773761617327259357e-03
3.438379025691434832e-02
7.410380816937781057e-02
8.065492181740077648e-02
9.918866525552963442e-02
-1.324055149708467868e-02
8.484749232638925248e-03
1.010751693680270874e-02
1.024376794765365084e-02
1.723308986498057679e-02
1.523298356369710838e-03
9.519924860957452994e-02
4.186469731696475932e-03
8.414000839246767172e-03
1.102943101068024068e-02
3.051621668124192277e-03
3.346716501687639622e-02
3.353281608410521586e-02
5.633779260261823074e-02
1.606038150732623862e-02
2.568663121163154359e-02
-1.221651056577017364e-02
5.217023692899740162e-02
3.812460619592759892e-02
7.631035726625552684e-03
5.469369087466927071e-02
9.487295223521801518e-03
2.895266656526496521e-02
7.888386500948998958e-02
2.416100066541842020e-02
4.306021250721200899e-02
-8.272233234963021625e-03
9.372085423373990865e-03
7.428625876538288986e-02
6.222453198025956755e-02
8.645279971578202771e-02
2.584388039002184431e-02
9.847031506917088006e-02
4.977736417805077307e-02
8.121876001799172018e-02
-3.320319369823278299e-03
7.285400712172578758e-03
3.722991279461038139e-02
4.730761683511779114e-02
8.113960273025044856e-02
-1.895971279446849109e-02
2.171522766673788726e-02
3.577996783206165154e-02
3.963925112309005239e-02
1.527620805047058203e-02
8.039951450316248915e-02
-4.371443006877563653e-03
5.282655359285019780e-02
1.994094141920355751e-03
3.441589169845116203e-02
4.732437105522879772e-02
-1.480707205646557278e-02
8.962809849154927677e-02
7.995746560420038951e-02
3.390129671701838654e-04
4.933905842175408119e-03
3.656515496384879493e-02
-4.317374509512656583e-03
4.455866221195269039e-02
5.420795046558458952e-02
5.882269268142617524e-02
1.002150080980334160e-02
6.545504485535905137e-02
2.955071035348293476e-02
1.227993957559528684e-02
1.344205045448007216e-02
7.187511502888323245e-02
8.404697876002484302e-02
7.713833739102894660e-02
5.725334210771206023e-02
9.757531700025471461e-03
3.299756059459660329e-02
-1.093015572031539456e-03
-3.502616697667895740e-03
8.281497263966375311e-03
8.633924341650571488e-02
9.589986788538618079e-02
7.183871798143288967e-03
1.128999088165813861e-02
2.945449563635254078e-02
4.476268560096838961e-03
