9.790344245301622200e-03
4.133598547926568834e-02
3.586801101797792990e-03
-4.326815543930849495e-03
-1.011031430923892485e-02
2.290042548430730115e-02
2.467336865403069526e-02
2.391465656883130439e-02
9.606841700534905770e-02
4.130211978007990170e-02
9.184288466454718081e-02
2.312674762710752521e-02
4.769109438174780335e-02
7.855702554744474486e-02
1.890245966749698123e-02
1.128831640009364187e-02
3.583895219562917289e-02
5.225629672112014346e-02
8.358241355096121539e-02
6.048192306943686591e-03
9.620430142676202057e-02
5.655932694036476527e-02
-5.343717820983620928e-03
7.538338506065356270e-02
6.438047579369232665e-02
8.516209156707638117e-02
-4.240014189234135589e-03
9.626074444513887940e-02
3.804413392447499043e-02
9.411148523038619096e-02
3.991106625331297675e-02
9.356208898322004863e-02
4.966726781863731177e-02
2.495173311604394900e-03
1.586628408570763329e-02
8.830946941394139660e-02
3.726768304840392954e-02
3.113724304556289221e-02
5.618125023692481512e-02
6.107089711222039863e-02
4.612436437928458394e-03
5.408334953164599390e-02
2.646672381051326170e-02
7.683850785485088486e-02
7.322544430884700417e-02
7.398909331029349112e-02
2.929373879724414889e-02
-1.389547917356875883e-03
6.362080966962287143e-02
8.049300943749145010e-02
9.068767624757605172e-02
5.655858804081527469e-02
4.836487234011603575e-02
1.468556957616103456e-02
5.508677945801634945e-03
6.679732027136270345e-02
7.207108652136924587e-03
1.119254245127328934e-02
9.342690967661713974e-02
5.263779728102943589e-02
-7.459444304513075316e-03
-1.335381315215333070e-03
2.550850835425915245e-02
9.485429320868370151e-02
6.858583229132392267e-02
7.557650767422362248e-02
3.450252870462612587e-02
6.217952497665213407e-02
5.615739785357086455e-02
5.077897499919062363e-02
6.219215339317638036e-02
8.554569291341600212e-02
6.200973945918349106e-02
6.725263696774447242e-02
4.733645630791173675e-02
4.683625962520762687e-02
8.958246931356171616e-02
-1.835938344416403536e-02
8.274717619305431426e-02
2.375065962414633566e-02
3.654972186680903457e-02
5.096300398731631875e-02
6.325380572566315085e-02
6.460043332708758496e-03
5.564836900895585303e-02
9.761559480065459815e-02
9.913641691926701471e-02
4.627818860530778788e-02
-1.744782512362041266e-02
8.697710222273234704e-02
4.357872694141470826e-02
-1.924000359639690266e-02
8.187806491946074405e-02
4.675236818361884483e-02
4.357366296727546717e-02
6.892158889581105619e-02
6.479002999025486320e-02
6.752978515267156479e-02
8.203205688135302431e-02
7.145937354144608900e-02
8.508550083765289984e-02
-1.177205510994514155e-02
8.426679710111832644e-02
2.126716622229802775e-02
3.612472678115978553e-02
-1.102354662026616694e-02
6.548788283916517905e-02
3.671048889365088885e-02
8.435635873005119245e-02
-1.445988146562361687e-02
-1.184508214643194800e-02
2.991257104550934173e-02
8.488906244902884313e-02
8.038358034176777689e-02
9.518854850873691154e-02
-1.407103374837895271e-02
1.976018770777065656e-02
5.474573498668289240e-02
5.004879218246705702e-03
9.904537453551867654e-02
9.737428024084347766e-02
5.203098657410391847e-02
8.632221059224336190e-02
7.549547497741943003e-02
5.615176521651041308e-03
7.539204259122783691e-02
8.482450227784260610e-02
3.233128064648138622e-02
7.453919432516580013e-02
6.356089124148076031e-02
1.937785537377173864e-02
-1.871527336937002170e-02
9.658034558036041051e-02
4.784442410874076290e-02
3.474059297330045482e-02
5.619343401520025816e-02
4.949236573079210388e-02
6.422757473793350158e-02
1.419351435627099964e-02
6.511027011558610800e-02
2.665380841287933247e-02
8.625715234845675317e-02
7.118152657406831563e-02
1.265780218108619390e-02
5.589412169852066292e-02
8.194472830957624798e-02
5.701017048625843520e-02
9.913129726219434279e-02
4.859829049578948124e-03
4.828073549391283248e-02
-1.535757307036609252e-02
2.614173518889391715e-02
4.017280379229298815e-02
5.279137886918439104e-02
9.100136233698716270e-02
3.501083845857638766e-02
-1.670624891381160618e-02
-4.718303884047928692e-03
7.938093376674115742e-02
9.752974324835163300e-03
-1.755711525400753537e-02
7.211043028248972919e-02
6.569629217525069231e-02
6.320719181106276841e-02
9.144063195877866895e-03
9.617017318176984686e-02
2.280003979273246065e-02
6.898851439831488186e-02
-1.006994594601661776e-02
4.316158591215334128e-02
3.088578003447861597e-04
-6.213725394698686733e-03
6.626081541501559202e-02
3.603063410061606298e-03
4.754650811711866321e-02
6.306784823776849513e-02
9.443073375727098484e-03
4.304146497748542743e-02
5.556772150433323537e-03
3.859146322113304883e-02
4.923265065652655814e-02
-1.934893266174166071e-03
-5.824200633289609852e-03
6.166762240096855530e-02
4.366155383039893589e-02
7.165255228397560128e-02
-1.065300086959930850e-02
8.332512256293665709e-02
4.141888972301736860e-02
-1.447355292645242583e-02
5.652697167658973787e-02
3.587442256989040179e-02
6.792543466935946350e-02
3.133617837165775244e-02
-1.248078485768188903e-02
9.910682803129625129e-02
2.560360805820378546e-02
1.434684303518663634e-03
5.553664120718199149e-02
8.650605905610947444e-02
