1.061153103604662640e+00
1.077008171038451367e+00
1.014173904981120256e+00
1.027182672913502293e+00
1.010743498447525868e+00
1.045104399852107901e+00
1.079951957794780704e+00
1.066049098876526102e+00
1.079721269978502596e+00
1.072737226612902051e+00
1.025671234646738261e+00
1.072905580992893126e+00
1.046939436062166440e+00
1.068784148737188522e+00
1.065672352815139279e+00
1.043128785854182894e+00
1.095158685880485816e+00
1.077291543627437287e+00
1.062052721805149647e+00
1.050977804324086051e+00
1.024775715203473325e+00
1.043426921030096821e+00
1.093113224205341627e+00
1.074907129085651558e+00
1.086818077574241315e+00
1.005069243099631304e+00
1.033858538465801447e+00
1.001101406589580467e+00
1.048446198878842495e+00
1.062575590951070570e+00
1.099710267114100359e+00
1.017179951612938504e+00
1.024989163075359810e+00
1.027964559221696383e+00
1.037257647926159265e+00
1.078089196925093862e+00
1.084501036641592586e+00
1.014708279825620840e+00
1.016492104781157257e+00
1.039325930542835064e+00
1.014285987208349393e+00
1.065891966814760616e+00
1.065124863892223495e+00
1.065072972820947594e+00
1.034747009378224059e+00
1.037079870799968884e+00
1.096593084152616804e+00
1.009228367503889334e+00
1.015882335588025542e+00
1.063168321197340171e+00
1.092581021878095582e+00
1.042793444459246377e+00
1.045843909084402279e+00
1.017619473927496188e+00
1.088762786112352332e+00
1.079847487686687257e+00
1.098846993885108203e+00
1.029617727583740816e+00
1.035981310126486754e+00
1.025763082411680127e+00
1.099068054125253324e+00
1.091570960460779949e+00
1.083350103112476814e+00
1.070436761229049738e+00
1.057675496769118872e+00
1.071655734106978564e+00
1.028310464049533968e+00
1.082824422249765606e+00
1.083895421637176559e+00
1.003476296844341142e+00
1.029265080947690425e+00
1.070074649846798565e+00
1.082925364777953980e+00
1.050673368297426746e+00
1.048905856000913905e+00
1.091052052149044771e+00
1.054884667364712980e+00
1.051839654384556511e+00
1.006047408312920721e+00
1.018185814493569152e+00
1.082524382080695347e+00
1.031482996767508986e+00
1.047279483281237988e+00
1.060468046914468054e+00
1.055534563069286058e+00
1.061166063302449780e+00
1.081036108898830950e+00
1.023563526046612271e+00
1.057897527938137960e+00
1.041001249996083677e+00
1.063542175053109995e+00
1.001316325615842606e+00
1.006269880158180419e+00
1.082750551000155381e+00
1.095569742556563586e+00
1.010109727598275997e+00
1.081548443832498263e+00
1.006077381243281499e+00
1.006578028206185138e+00
1.036867958368423936e+00
1.051327791331625017e+00
1.066734030622794149e+00
1.090438591614226960e+00
1.031092194362014824e+00
1.091579383480011156e+00
1.058223141048050486e+00
1.038558844604353437e+00
1.082054779169135728e+00
1.069067964252311764e+00
1.012017801506186254e+00
1.020980028155762831e+00
1.064479794511981048e+00
1.002217990467799025e+00
1.061457869714511171e+00
1.064508203478006232e+00
1.069894249662597829e+00
1.080283462159413510e+00
1.073743263297417316e+00
1.024883942451457974e+00
1.064465317986135862e+00
1.032131895959114143e+00
1.018964101619451501e+00
1.042364065626973479e+00
1.076044880297155837e+00
1.034208478955946697e+00
1.068129645287235308e+00
1.030866984887400362e+00
1.018295068723598318e+00
1.082594790102699989e+00
1.074645493699116328e+00
1.045889496046366496e+00
1.045814225079916282e+00
1.087470852197947924e+00
1.098251825691991312e+00
1.075254905058870447e+00
1.001034292433054196e+00
1.072866333477907164e+00
1.006107756042369017e+00
1.090470835678781558e+00
1.068950511827674754e+00
1.000349046539168008e+00
1.043722932039158335e+00
1.087802164053051746e+00
1.068251748069976692e+00
1.069835595376078086e+00
1.029007002229339385e+00
1.053542220698020726e+00
1.062868612816682878e+00
1.096482265133675416e+00
1.049340374591152036e+00
1.037653777471271521e+00
1.035063414819042737e+00
1.071791246720474655e+00
1.011430328065635598e+00
1.067281214787877186e+00
1.057065089233804489e+00
1.064365313025624760e+00
1.060502085780237858e+00
1.083718239372067682e+00
1.005668499581484632e+00
1.083789551688089325e+00
1.007401570613314146e+00
1.073598659848053805e+00
1.081808739173371059e+00
1.083794801938588570e+00
1.089897776603927726e+00
1.034854534472643195e+00
1.090942542767042056e+00
1.044859717688312317e+00
1.036569395770105206e+00
1.038400242507339089e+00
1.091114536469246499e+00
1.068394666504377533e+00
1.000893912658016305e+00
1.011149945125556560e+00
1.000379772195238326e+00
1.035910190713941859e+00
1.098265157977806883e+00
1.097965764919663245e+00
1.050812725479810972e+00
1.011934321538486614e+00
1.060991481231595479e+00
1.080821399765004021e+00
1.041052348185830478e+00
1.098520526809231068e+00
1.041002137142071460e+00
1.060491555536732911e+00
1.022303785617805438e+00
1.089410638807611242e+00
1.047282479391413501e+00
1.034008693776132803e+00
1.094863474094538436e+00
1.052594641545794074e+00
1.022948266398399086e+00
1.029489550354795613e+00
1.054941553435042367e+00
1.042558032050782568e+00
1.000721485763573559e+00
1.035902305621097863e+00
1.086991531094219088e+00
