1.015102166306815379e+00
1.068349452445536141e+00
1.065183207539969645e+00
1.042775364912166713e+00
1.044488998857894479e+00
1.035685365850728790e+00
1.012266514551324770e+00
1.012556158127146277e+00
1.075586409588755066e+00
1.069525123342910833e+00
1.077256403549515129e+00
1.022499511404410200e+00
1.083932292712800116e+00
1.066457306511554348e+00
1.068960374575184336e+00
1.031356016542322340e+00
1.091529205313305884e+00
1.022744604244060884e+00
1.023124058988556184e+00
1.075951493094325029e+00
1.097987642318721591e+00
1.086613719451384519e+00
1.065799969326448382e+00
1.093746788893536603e+00
1.073163059296740274e+00
1.037116227202078855e+00
1.021001211178250490e+00
1.087717414364627322e+00
1.068429149740608874e+00
1.090910843130219465e+00
1.065779862163599434e+00
1.000552053574554456e+00
1.066482991313357109e+00
1.005699894202219280e+00
1.010564537768909421e+00
1.055633916859660015e+00
1.091818981658566168e+00
1.056336923530350136e+00
1.043367542063285969e+00
1.094837831433894682e+00
1.059932037974069985e+00
1.057689244834133735e+00
1.018048792227924215e+00
1.073680729067812312e+00
1.041303552003681077e+00
1.061479795953727878e+00
1.051618786491882673e+00
1.013377355056457763e+00
1.099213368564232240e+00
1.064616885759908982e+00
1.057843984739596621e+00
1.075440595915295505e+00
1.056385377150943050e+00
1.012968438476646194e+00
1.044823721435593766e+00
1.067591654974500148e+00
1.040689873460136861e+00
1.063233077616558830e+00
1.019547428588149618e+00
1.094461750807324441e+00
1.037855549305350733e+00
1.077821614759577606e+00
1.045617260899950551e+00
1.066188563207255857e+00
1.023558188587303963e+00
1.081372647645713059e+00
1.099887415589268391e+00
1.048942909539291257e+00
1.049031261983237595e+00
1.056011901635202310e+00
1.052231429352633141e+00
1.015462962087853915e+00
1.074661040291791991e+00
1.091084305467584725e+00
1.049789840147437259e+00
1.061022733528270923e+00
1.099412180362767888e+00
1.080340822462315442e+00
1.076405671182030233e+00
1.019943017555919651e+00
1.037772297685478406e+00
1.096556283489279915e+00
1.029473797732376017e+00
1.019869147071710946e+00
1.063128854546838031e+00
1.078399005964135515e+00
1.052875514083021935e+00
1.081776151931919117e+00
1.035665376186096776e+00
1.059939889474855956e+00
1.090103258037832035e+00
1.027453848837491357e+00
1.061377527829135303e+00
1.039630630444643877e+00
1.074425650069244842e+00
1.074233673227249053e+00
1.003388802999860774e+00
1.094479358273427128e+00
1.018595285153159224e+00
1.064469317467012788e+00
1.071770250175604344e+00
1.094095824384479609e+00
1.092153329803395634e+00
1.081499699886808497e+00
1.071767418427575835e+00
1.000858041635242834e+00
1.049001497902887658e+00
1.048489560234849849e+00
1.002781801437436338e+00
1.092412065914763586e+00
1.009440054981113111e+00
1.059572474633153405e+00
1.011336824153627578e+00
1.045273393409094531e+00
1.043654449126478534e+00
1.020756403486415165e+00
1.010302072901313908e+00
1.041416722077507240e+00
1.045735652308976027e+00
1.052617583803824752e+00
1.013685790090781191e+00
1.017431268176707482e+00
1.048601372515297836e+00
1.059374429012591268e+00
1.000407325422704607e+00
1.033867731331630457e+00
1.050984912106953439e+00
1.006219183506456449e+00
1.049026262172151114e+00
1.059935350786536334e+00
1.081738722832303878e+00
1.010602020574176807e+00
1.055709962083092979e+00
1.048192353564227020e+00
1.020163217389538746e+00
1.017535340472511818e+00
1.071115825872209992e+00
1.025883046839777935e+00
1.077972512886689493e+00
1.075683370891217461e+00
1.025646307111397704e+00
1.065164431817536173e+00
1.057581207481276264e+00
1.046009350230200141e+00
1.080546543698720940e+00
1.013309038229945891e+00
1.024319148587490291e+00
1.079298949785665540e+00
1.020745727329972707e+00
1.057706065876013790e+00
1.071169391738753918e+00
1.065168754346101476e+00
1.031238978976008136e+00
1.039950790686285931e+00
1.048332657739787122e+00
1.024429372035664532e+00
1.081234555536330078e+00
1.092361421520355869e+00
1.079727190507218104e+00
1.067329909926281850e+00
1.015913439244372274e+00
1.074960019947060808e+00
1.022719905673513230e+00
1.079366488870282303e+00
1.030415691006098200e+00
1.018729670955908384e+00
1.007490608961129741e+00
1.073189850325686479e+00
1.093294076912708412e+00
1.030864785768151437e+00
1.005103852654158691e+00
1.076085890798084588e+00
1.010592026129241594e+00
1.013315950559317891e+00
1.085194233356025606e+00
1.068297739913923738e+00
1.008696232629994638e+00
1.080566924749728708e+00
1.071602226594525975e+00
1.044632729508928382e+00
1.046182863119867967e+00
1.066853100604131743e+00
1.069737793171713580e+00
1.045958230859156846e+00
1.070952392905466066e+00
1.052020027516565204e+00
1.075903381541837511e+00
1.095287961487616757e+00
1.006712382120058091e+00
1.081009447365856024e+00
1.061015596364264457e+00
1.017916292081318730e+00
1.056211075770377983e+00
1.072027087529798806e+00
1.045330848378780431e+00
1.063335983075277991e+00
1.050284761462312755e+00
1.025389063632728082e+00
1.075164415945912610e+00
1.079700406079449060e+00
