1.062813110668652472e+00
1.076284859121990678e+00
1.081197686012654202e+00
1.036014696150783454e+00
1.057645624220989511e+00
1.054381731881032014e+00
1.018137592602178287e+00
1.033109206694806881e+00
1.017406740326227466e+00
1.092100271079301521e+00
1.043055860825002901e+00
1.001150550237884795e+00
1.064329636579623095e+00
1.077476886339939988e+00
1.057910431640060489e+00
1.014126342830774075e+00
1.055720994080314057e+00
1.038146169003165253e+00
1.072886120031404600e+00
1.085403012440865789e+00
1.093897310880183493e+00
1.072500862380380005e+00
1.046932636838736608e+00
1.018193145142016309e+00
1.042961821262917255e+00
1.080699784635414051e+00
1.002169379117362036e+00
1.056909598407510531e+00
1.087885686751930425e+00
1.052342057580988310e+00
1.072375944937540515e+00
1.010727332305309423e+00
1.096782829774087586e+00
1.096674657494462801e+00
1.003141629620364350e+00
1.009518445943230924e+00
1.054016820617816430e+00
1.076156881082999783e+00
1.048691354585224111e+00
1.034088389411679243e+00
1.014736249964394599e+00
1.061586774209358985e+00
1.052422705150207305e+00
1.055618437955313071e+00
1.079124032533004485e+00
1.056873018828123234e+00
1.008000409416032417e+00
1.089928388044757668e+00
1.036662877219103773e+00
1.044319248209462980e+00
1.025178498412167905e+00
1.016156716249879466e+00
1.015037607046323398e+00
1.024647420198292913e+00
1.057159580306503921e+00
1.065389818403249755e+00
1.086483076826208150e+00
1.081491739518493755e+00
1.064843499153317996e+00
1.003966045069536017e+00
1.017607103969470739e+00
1.064548583806027571e+00
1.040450716761606609e+00
1.034253832548502672e+00
1.089597141389096135e+00
1.003268401396633092e+00
1.088146652981900386e+00
1.028505471147037387e+00
1.096854847968593338e+00
1.000144572877002203e+00
1.082176764773754796e+00
1.062590962577524945e+00
1.034014447369744127e+00
1.094674912210194861e+00
1.032875460327131512e+00
1.000531111538222273e+00
1.060305316547521803e+00
1.005772194568497868e+00
1.005189987932098017e+00
1.068095613777918729e+00
1.044035426257318155e+00
1.001938557962747556e+00
1.036865974057336937e+00
1.063580230645260638e+00
1.005770450055369247e+00
1.022178980918313940e+00
1.066573403275666410e+00
1.050556840066750652e+00
1.034019670826755499e+00
1.097928339412389986e+00
1.047671635487973374e+00
1.099738690436504296e+00
1.029861876461718451e+00
1.096301201665817349e+00
1.058802990354193563e+00
1.032055995798126125e+00
1.044108400074324150e+00
1.049052037077090160e+00
1.059485772826442407e+00
1.080499381300374040e+00
1.063576108498881956e+00
1.066912613221754569e+00
1.007690479376595949e+00
1.028890648902997196e+00
1.014855257922541831e+00
1.025085939027803095e+00
1.088572433788192129e+00
1.080051327573140707e+00
1.076356038162006534e+00
1.051504336250700833e+00
1.080642077566777992e+00
1.092067238751458502e+00
1.041785971322755078e+00
1.078130913313759986e+00
1.057160397240205940e+00
1.015240612563151901e+00
1.034818050244609378e+00
1.073246598458092338e+00
1.061506734758044912e+00
1.098258178856909684e+00
1.082507969051028640e+00
1.059328685805299930e+00
1.059141303640686038e+00
1.034092882723646634e+00
1.048300056728648455e+00
1.084192763151108352e+00
1.000390020349339659e+00
1.035648492787708319e+00
1.016043119414747453e+00
1.013784772972393222e+00
1.071485911284747905e+00
1.051771276789797982e+00
1.052051994483184316e+00
1.071000677990251004e+00
1.083739637546813794e+00
1.057328552341668670e+00
1.026543999111389160e+00
1.004066112268943156e+00
1.090644134193540671e+00
1.008246800352312844e+00
1.014094934412751670e+00
1.093526102381551235e+00
1.047082917268060909e+00
1.071783765130324362e+00
1.021314941701397139e+00
1.045377254547533941e+00
1.091038676002392904e+00
1.097725084713497834e+00
1.014245613903564491e+00
1.001596677642625055e+00
1.094850922442379915e+00
1.005412642841695625e+00
1.046930222320624271e+00
1.046671503879974319e+00
1.048312042639655051e+00
1.022959010162995952e+00
1.082750322556565115e+00
1.070556286847363481e+00
1.042455822370303542e+00
1.080183988194706624e+00
1.011161252506142638e+00
1.045622127852100736e+00
1.023630582418397550e+00
1.069840636159440805e+00
1.090129604002870289e+00
1.047748344357255945e+00
1.054874651812945707e+00
1.009606947864278181e+00
1.033229099740367474e+00
1.019820486457330588e+00
1.019482865357484558e+00
1.026447969166524254e+00
1.016439181129826341e+00
1.063196610062637326e+00
1.047730881278694071e+00
1.064679955396420352e+00
1.052324796335851742e+00
1.059363022925230657e+00
1.089975398177837729e+00
1.033168104003354459e+00
1.065917052735268600e+00
1.095927713734349052e+00
1.039715043475172962e+00
1.098564332276483091e+00
1.013080757371752849e+00
1.023182740632447851e+00
1.030669877920629141e+00
1.011429681013677584e+00
1.093847918476381853e+00
1.022235380069000055e+00
1.040383400457508989e+00
1.047417711152704323e+00
1.028519597327574253e+00
1.086972568816557461e+00
1.011914068885837015e+00
1.048401465791450438e+00
1.030737298864579321e+00
1.092118354108278844e+00
1.018282780524057074e+00
1.064731623731273391e+00
