1.078509218646923173e+00
1.044724577558832301e+00
1.026222790083742842e+00
1.014727721276534211e+00
1.059417868252000794e+00
1.008157816237264193e+00
1.059434686920246005e+00
1.025132066398445119e+00
1.098270666256964789e+00
1.048561835385364960e+00
1.038325009959543355e+00
1.068117431536151685e+00
1.020397444782006557e+00
1.056026488848579525e+00
1.043927308058154368e+00
1.063065949591074588e+00
1.048761232857310599e+00
1.012722485069931455e+00
1.009676740744713141e+00
1.071592834003948891e+00
1.019035691092131213e+00
1.046699732912348635e+00
1.072252752528013886e+00
1.023216727184048880e+00
1.022962582804290754e+00
1.030675668435544035e+00
1.004031180340872353e+00
1.002105685723073458e+00
1.075926759267148203e+00
1.030263762487582113e+00
1.031611383639311041e+00
1.062803811314680047e+00
1.005599132913990612e+00
1.081996529597368584e+00
1.003228322993224619e+00
1.008726805480257838e+00
1.039286815546459630e+00
1.028334964415010599e+00
1.095727948204672675e+00
1.045960479863678350e+00
1.029863266391001453e+00
1.032754581034095898e+00
1.016508499369928264e+00
1.084240600820875811e+00
1.091232472806475506e+00
1.077864637048320695e+00
1.002327402515651888e+00
1.066631591275001512e+00
1.037219082729488928e+00
1.058563772413609438e+00
1.037217646589197351e+00
1.021093251530569734e+00
1.041981333321291281e+00
1.033482380862366989e+00
1.027263187720501625e+00
1.049715896498523149e+00
1.084700318673422315e+00
1.067545609970812936e+00
1.068458369584351253e+00
1.097447363571568468e+00
1.011532115118317865e+00
1.046530294974780562e+00
1.044893675164790814e+00
1.020298092832549131e+00
1.044097805063065598e+00
1.077019994803026348e+00
1.071537292606835834e+00
1.058667497104494259e+00
1.064317444311619676e+00
1.092722621219040402e+00
1.067991960625267023e+00
1.090811327647721596e+00
1.096619436064699693e+00
1.092628254066768223e+00
1.035943888854454098e+00
1.013133579090836012e+00
1.088544952386578446e+00
1.096041997266823165e+00
1.074347443430087257e+00
1.029131387549272247e+00
1.064771424350742457e+00
1.002808554498601845e+00
1.005955587363633219e+00
1.015955839210053169e+00
1.095168186036868274e+00
1.030874235718618248e+00
1.022297348691278751e+00
1.088000466356984219e+00
1.079361539853165075e+00
1.075731639565450148e+00
1.053139188125280290e+00
1.018665177179232995e+00
1.000820720211879511e+00
1.074090014441086760e+00
1.057433633222804925e+00
1.090041851482639768e+00
1.077985597776782267e+00
1.025628759652900124e+00
1.084354132968031292e+00
1.028119005403044461e+00
1.000287474986572223e+00
1.059487485565364651e+00
1.076503769255981346e+00
1.007461837968424367e+00
1.029324872791250511e+00
1.012761269941531372e+00
1.029137061119706376e+00
1.004727510735768714e+00
1.016970612240127636e+00
1.033026180647189207e+00
1.055432781507043671e+00
1.019540186198772069e+00
1.062328997917511897e+00
1.087214204588927258e+00
1.000893607227988813e+00
1.051278269948859867e+00
1.019692593527886437e+00
1.060794614771248812e+00
1.009166520695419234e+00
1.030606002141907229e+00
1.084003630955310493e+00
1.079070181990203992e+00
1.050913178629030886e+00
1.042140905604493240e+00
1.007148977025073666e+00
1.062853802337704767e+00
1.043981778214869705e+00
1.069275980431984463e+00
1.056195282271871427e+00
1.082383684644833144e+00
1.078879655694228390e+00
1.090597328784031372e+00
1.047929676492338480e+00
1.009460919993921069e+00
1.039093254587429405e+00
1.067110395572572701e+00
1.045871636931140047e+00
1.022362523005435841e+00
1.097623239854863098e+00
1.006544538201233463e+00
1.010740633818093759e+00
1.091223378311930503e+00
1.084719373188786085e+00
1.093951905163302873e+00
1.000048155877083733e+00
1.041644740989982276e+00
1.048167800472581401e+00
1.060230987447566831e+00
1.049969030874285725e+00
1.081761772279719258e+00
1.027673551543789365e+00
1.054398293192206459e+00
1.037641353368464747e+00
1.057805855297397679e+00
1.051150977013376675e+00
1.045919388796439087e+00
1.000739425970392560e+00
1.020685365061201777e+00
1.043906540088110013e+00
1.092663692015421129e+00
1.016969680014585542e+00
1.042709238315640219e+00
1.020525156930316868e+00
1.002652308166165573e+00
1.095506537500019917e+00
1.011114021802926644e+00
1.094267690755857281e+00
1.000760235258791653e+00
1.060203903159388394e+00
1.058828643577393480e+00
1.088011954849930518e+00
1.077347619896210196e+00
1.043842402509175704e+00
1.056397988684280698e+00
1.072446270592879891e+00
1.010285771710105474e+00
1.061676145093273682e+00
1.005927829936674511e+00
1.039750043703384419e+00
1.017503296064502294e+00
1.076332444547221323e+00
1.035469889048226122e+00
1.059543462410338810e+00
1.044322667536833338e+00
1.067711108152627153e+00
1.095117547964048921e+00
1.050277960307312686e+00
1.012870527582557578e+00
1.029992800956606835e+00
1.012437447467406715e+00
1.013399076548396005e+00
1.075084829605093883e+00
1.044684444563212411e+00
1.040186300478575188e+00
1.004333863183656250e+00
1.084817791587129765e+00
1.028557577929837263e+00
1.038248567101388797e+00
1.050951559614447195e+00
1.009479261370459735e+00
