1.086116639429670849e+00
1.036533775170340510e+00
1.096233204671890782e+00
1.099476455400521857e+00
1.036558878665670980e+00
1.053320272839108229e+00
1.063562633557210813e+00
1.090132683531198632e+00
1.033820903447616679e+00
1.082739046833882224e+00
1.026299442809274653e+00
1.041162697297916440e+00
1.001425921567596911e+00
1.004431695481312392e+00
1.057547306870121551e+00
1.053518440961810354e+00
1.044231656202663672e+00
1.045746561530139118e+00
1.059220049564472799e+00
1.035604264697753685e+00
1.046811977386071346e+00
1.015269525295080300e+00
1.019342602596900127e+00
1.063293078353123811e+00
1.016689817674917951e+00
1.016877745508195874e+00
1.088055638237577005e+00
1.099491251787775514e+00
1.052160020870247070e+00
1.067954181115125856e+00
1.025394859456263408e+00
1.080545863375597770e+00
1.005410241970482677e+00
1.070404915464412410e+00
1.084967549904883199e+00
1.065805553360901881e+00
1.052415447727301334e+00
1.051285541825147885e+00
1.056497664945595494e+00
1.071555905113971585e+00
1.097853463661212947e+00
1.075072936107923649e+00
1.094863220371490531e+00
1.001830882733351968e+00
1.080224274672658469e+00
1.052741432038819758e+00
1.066758100777916773e+00
1.087008686533718071e+00
1.089804233478048223e+00
1.069710391833047058e+00
1.057017829384001351e+00
1.084712940042517060e+00
1.060447591498238085e+00
1.098392845424154274e+00
1.048189156024694091e+00
1.034349512544417760e+00
1.092918340120202725e+00
1.076904751651081904e+00
1.000278416729048825e+00
1.011883407755290287e+00
1.051703602388932568e+00
1.032007808696336904e+00
1.013121860444388567e+00
1.020879239928869975e+00
1.003788388066647608e+00
1.036303513725631564e+00
1.010439171317890628e+00
1.085489592724423691e+00
1.012468272068407282e+00
1.056153840705586155e+00
1.007274165628745610e+00
1.084086454600575733e+00
1.077432634004129808e+00
1.006861040743617819e+00
1.035918049926487061e+00
1.008987200850163690e+00
1.078042866045731740e+00
1.075988999686682046e+00
1.055744048752398800e+00
1.043382313893832958e+00
1.079876317833102783e+00
1.015589666475047226e+00
1.073385958795494366e+00
1.034914803860178312e+00
1.088847037369016224e+00
1.082673194948045703e+00
1.079912649689165338e+00
1.023363021438351339e+00
1.047100105211525412e+00
1.094758860525179234e+00
1.072818167447810112e+00
1.013149036329098474e+00
1.066010275434866372e+00
1.020388674148642094e+00
1.099024251008202224e+00
1.052002987980759308e+00
1.071162206859759047e+00
1.087060387618406399e+00
1.070314108766574401e+00
1.051171311090337568e+00
1.026097150790765022e+00
1.096983250793595044e+00
1.067616681648114074e+00
1.046119581225137818e+00
1.059862532028223558e+00
1.057942591637914376e+00
1.094718979827091099e+00
1.041915502188293097e+00
1.087425148528997632e+00
1.021712373879169133e+00
1.018554698239247047e+00
1.030573450554560511e+00
1.047509740160913028e+00
1.016683671147157408e+00
1.002243846007591976e+00
1.073910188437084523e+00
1.069173458205672889e+00
1.024764175305000302e+00
1.067246458737057369e+00
1.022714512202377524e+00
1.081227163821635751e+00
1.043594882683160696e+00
1.074889259789266971e+00
1.019941611263995851e+00
1.096022476037775917e+00
1.086512286411359662e+00
1.015679306227250223e+00
1.011105563418735143e+00
1.056041410564729111e+00
1.021168857795054175e+00
1.013675173111856287e+00
1.071381409883466862e+00
1.003318076870698849e+00
1.069063810092829137e+00
1.003068088718357842e+00
1.063271290175209716e+00
1.071440969103579999e+00
1.029407481089460452e+00
1.004607244029892099e+00
1.024450747551028051e+00
1.088089898918878307e+00
1.057875401707280894e+00
1.000731575995884581e+00
1.051700010791097650e+00
1.070440868508748533e+00
1.015940130374295425e+00
1.016406275146444216e+00
1.092885875066091694e+00
1.013110505651933169e+00
1.076525290971820814e+00
1.002295954297558467e+00
1.010998493723787028e+00
1.093362208353901188e+00
1.042215350997278911e+00
1.038307080004448713e+00
1.058805026593538035e+00
1.044675790433880369e+00
1.086315516576565221e+00
1.031318105154566567e+00
1.029514964829299384e+00
1.076280141241974464e+00
1.071221976607726445e+00
1.025875723178756971e+00
1.038753614780142165e+00
1.023504009279761817e+00
1.033238352937435378e+00
1.061397928235708665e+00
1.012725386461273080e+00
1.083971295803685342e+00
1.009437364238195745e+00
1.033451944541344369e+00
1.063310001390406212e+00
1.000153126150075789e+00
1.010743464163371685e+00
1.042549894902894403e+00
1.057567848022336721e+00
1.072176317848932303e+00
1.084491643856314358e+00
1.016676120856976562e+00
1.021016560965370745e+00
1.076708873144015310e+00
1.069649038354919091e+00
1.011466605033987998e+00
1.082797119253660956e+00
1.025803405279496427e+00
1.020238162482405953e+00
1.047641543280017462e+00
1.093052959157099657e+00
1.070012075764665838e+00
1.064720254280445921e+00
1.081359032571901579e+00
1.061366068001859952e+00
1.078996428355098569e+00
1.042017508521414504e+00
1.053318761457065378e+00
1.045163538482926979e+00
1.056900344678717740e+00
1.088351246713388898e+00
1.063571126878965822e+00
1.005851458121987507e+00
