1.045078448393765624e+00
1.072630537715268062e+00
1.077020574954237864e+00
1.035265795073406103e+00
1.067115814446153443e+00
1.098890905691923825e+00
1.094754341303628919e+00
1.073135855196132749e+00
1.066858133436760392e+00
1.026415379315514187e+00
1.059279379425551504e+00
1.035838537900196865e+00
1.074119308506848780e+00
1.010327751571566512e+00
1.052775973511535623e+00
1.071888548351979331e+00
1.089263414394387564e+00
1.019939911476308581e+00
1.039922066947417845e+00
1.058965103731361213e+00
1.065645125562871609e+00
1.090952220066119249e+00
1.010112342178432820e+00
1.096610920835805469e+00
1.021111049957234451e+00
1.065847432806056760e+00
1.012558462258833059e+00
1.005767769969255987e+00
1.093762452762700788e+00
1.021010331478901856e+00
1.014625318298844947e+00
1.046230731089204280e+00
1.023678159722973380e+00
1.046394339496060866e+00
1.041705778102845148e+00
1.035750585028501813e+00
1.078744042212123944e+00
1.050104068997785856e+00
1.017040375939347152e+00
1.007936139759214811e+00
1.036932221219591943e+00
1.074729577880342957e+00
1.016404036810106382e+00
1.017978484068978728e+00
1.003658019426073356e+00
1.039825837456030522e+00
1.089525386626856829e+00
1.097236500652530644e+00
1.082001475743468166e+00
1.036176057252459870e+00
1.035680176547934428e+00
1.003983992032265293e+00
1.080762274397322198e+00
1.072666182614651742e+00
1.048912803099885327e+00
1.059937425465480754e+00
1.091900419386905519e+00
1.009185162683414072e+00
1.036397022394643708e+00
1.044200953598448889e+00
1.034245557842106367e+00
1.041392611402462087e+00
1.090009748932925238e+00
1.021919075555693945e+00
1.090516521939629113e+00
1.015380375305559468e+00
1.087734059416705534e+00
1.047844090490645197e+00
1.041985384689646077e+00
1.087223568803442619e+00
1.058523037875642725e+00
1.034319400504326358e+00
1.083837178398536549e+00
1.002539610609913368e+00
1.023297569775356131e+00
1.006567841632691307e+00
1.079741538878070006e+00
1.020664324492361219e+00
1.000615945737487023e+00
1.051015796808378644e+00
1.049016478901349414e+00
1.039130009270039068e+00
1.058518769344982235e+00
1.051964323909742705e+00
1.060689179265577042e+00
1.042865546786644115e+00
1.091207228236167337e+00
1.050498467204470376e+00
1.028965852902540945e+00
1.058188425701755975e+00
1.093166439893285435e+00
1.025171559782359409e+00
1.046411688234742954e+00
1.064042029762655384e+00
1.067096585116452223e+00
1.070797146079118800e+00
1.087222154876410496e+00
1.072205438101915709e+00
1.041059096345605894e+00
1.065743006919337210e+00
1.047707635146101435e+00
1.051993421642660964e+00
1.067640715858128475e+00
1.064995486808240965e+00
1.041092830208391273e+00
1.042991149828552011e+00
1.023531751492143149e+00
1.029745351565833689e+00
1.000730532973379105e+00
1.062814815925177125e+00
1.093047459006153410e+00
1.045267462330057073e+00
1.020300488844460451e+00
1.076507360227803245e+00
1.087856438138352422e+00
1.019190197437722212e+00
1.042592690630079977e+00
1.041679480680345327e+00
1.064132868400975429e+00
1.073923094327096761e+00
1.092428562073382459e+00
1.042388752031959243e+00
1.056671448920577294e+00
1.091347944671050563e+00
1.033357995014603681e+00
1.063407682519769359e+00
1.009636816419072103e+00
1.010950345437189757e+00
1.025908199732165738e+00
1.099367981304814279e+00
1.085804175634271118e+00
1.002064547769434988e+00
1.041992127559896231e+00
1.076555614509123071e+00
1.050165110907022470e+00
1.017322116269165244e+00
1.094751296693444953e+00
1.035925288331642991e+00
1.006072682004446772e+00
1.055099571031563599e+00
1.095456938653088352e+00
1.030837088475533347e+00
1.054475173547308353e+00
1.029934070725055939e+00
1.065473175555755381e+00
1.081196046356063256e+00
1.084236172824355027e+00
1.067186354556245664e+00
1.087338818179623745e+00
1.084823490260639289e+00
1.029394768443943065e+00
1.083289861775651231e+00
1.098628546154035268e+00
1.016231185050015196e+00
1.097503131042360636e+00
1.090067174875543943e+00
1.047613855572342434e+00
1.006058099365428227e+00
1.087779260026398465e+00
1.073250543740113860e+00
1.038047232232098827e+00
1.038630043389639379e+00
1.037433663006915641e+00
1.034039345490855188e+00
1.016633868991605016e+00
1.012035340620678792e+00
1.035046683871446049e+00
1.025279505346395892e+00
1.087802391395033874e+00
1.064679639116207444e+00
1.077777674961448273e+00
1.021601118616124459e+00
1.039606868617788393e+00
1.035485626260612468e+00
1.085279131539469422e+00
1.067196513322655527e+00
1.029549571898279225e+00
1.072075548150514424e+00
1.040817867292357590e+00
1.028059173801674664e+00
1.057508955056450706e+00
1.052497215808756881e+00
1.026399566914155237e+00
1.017003718929876177e+00
1.088434720470105033e+00
1.098679270499121952e+00
1.069254626859553081e+00
1.006639622858033656e+00
1.058294604727508581e+00
1.023809532495979946e+00
1.058473791141383735e+00
1.004688330105939942e+00
1.021217789325648662e+00
1.006262935339005793e+00
1.017910909461041458e+00
1.085549684917164637e+00
1.092679400950773427e+00
1.035278683766920782e+00
1.048333594378748623e+00
1.069037448964164527e+00
