1.093985608913085938e+00
1.094511113916083911e+00
1.066605934534536892e+00
1.006842839447052551e+00
1.090499222610624708e+00
1.045554735569521609e+00
1.064235948216024630e+00
1.016379987665049889e+00
1.061512511573003748e+00
1.066798986441623853e+00
1.058305585536149396e+00
1.084593571693335923e+00
1.010682726819181587e+00
1.035452236290289596e+00
1.016370908233117154e+00
1.084073654617532911e+00
1.023169818295196709e+00
1.095464867194692271e+00
1.040043553969455470e+00
1.026650274657485484e+00
1.032786068400648904e+00
1.029512851048264510e+00
1.018239070690476922e+00
1.058698126290963826e+00
1.030529563137925653e+00
1.017046112156961613e+00
1.011213571122861810e+00
1.062221969134420352e+00
1.006597511832137748e+00
1.074617485888068824e+00
1.071719281117975209e+00
1.081720234700705552e+00
1.046534399561911410e+00
1.019202166174123070e+00
1.030010210957436056e+00
1.064107421728819558e+00
1.037478652252159073e+00
1.092458880770317275e+00
1.093249394612278325e+00
1.017497269690114337e+00
1.072086520551676525e+00
1.039670939357893120e+00
1.086076651123852876e+00
1.055197784521157978e+00
1.036451992156847357e+00
1.099275982423338016e+00
1.054976906980066520e+00
1.022468969522381643e+00
1.083372477324918481e+00
1.029111251244371861e+00
1.028155398581600766e+00
1.080510009098957669e+00
1.028145369482235560e+00
1.004962121086266036e+00
1.017007224522310294e+00
1.002832941670720013e+00
1.083759103621843689e+00
1.015855164589877679e+00
1.052633276477261459e+00
1.004596645774644026e+00
1.008762668503246474e+00
1.064746920961910925e+00
1.012062392332258920e+00
1.049590010022692921e+00
1.005779477169250757e+00
1.007932752462200598e+00
1.071890823954032568e+00
1.062405134785866512e+00
1.071020643040928810e+00
1.098885628562487726e+00
1.054552307854475179e+00
1.074628122464164059e+00
1.059266207442916219e+00
1.079187779553949067e+00
1.073339172385697537e+00
1.065655219085332783e+00
1.092982152832145726e+00
1.024862178026646919e+00
1.007605862907762218e+00
1.045599627846774515e+00
1.013275727038312368e+00
1.044305719177048841e+00
1.050858747677999139e+00
1.043020184646184623e+00
1.086140312590063939e+00
1.008709565607631475e+00
1.063246907164835164e+00
1.097604050480615268e+00
1.099229280134050635e+00
1.098707311161035483e+00
1.015073476308915534e+00
1.021222536898633626e+00
1.039825640677509488e+00
1.026639152725735249e+00
1.005147021881420688e+00
1.004801423084992873e+00
1.072584281240818616e+00
1.009173876425593752e+00
1.007942005840293476e+00
1.030466546238614889e+00
1.031798577406453754e+00
1.029250947678117756e+00
1.061390254290304425e+00
1.000082496726079295e+00
1.020717015658220372e+00
1.097247575388944352e+00
1.009341831653090660e+00
1.059239918447071549e+00
1.010980145918457751e+00
1.022836964291473194e+00
1.075547926090144379e+00
1.059716053758855248e+00
1.023765430567657786e+00
1.002728038209922179e+00
1.066803394275806394e+00
1.014787187812559166e+00
1.075170147587634073e+00
1.035085032360930191e+00
1.071380316165343016e+00
1.087102741104550407e+00
1.096237457102868795e+00
1.074683254024918710e+00
1.010268308014846683e+00
1.085503506163698617e+00
1.014479910707791754e+00
1.088743165337296981e+00
1.019670761748150412e+00
1.003149140996440369e+00
1.029971210738860554e+00
1.004426603601875856e+00
1.023075864724827477e+00
1.002133584737107563e+00
1.093529861012820570e+00
1.086454765295362002e+00
1.055540984889586253e+00
1.071554015876044152e+00
1.084548638558878730e+00
1.072603079391753589e+00
1.051485067489877911e+00
1.056381530077805886e+00
1.046425884022355035e+00
1.097104429404086590e+00
1.045019672997688165e+00
1.007217611804561486e+00
1.008043956315838097e+00
1.019393483251028298e+00
1.026320486062851645e+00
1.092110675708658052e+00
1.000140929188968686e+00
1.040443654345074354e+00
1.030728191356657941e+00
1.018439518885938089e+00
1.043987219493427654e+00
1.068133965824423548e+00
1.048778851397898837e+00
1.050811873520010931e+00
1.038809332440217670e+00
1.044202375283634465e+00
1.017696016218958110e+00
1.027700325642645574e+00
1.037179118449504278e+00
1.031801033190172801e+00
1.082372491941308912e+00
1.016537566720873587e+00
1.032690050508266566e+00
1.094912070076407007e+00
1.015798144421404370e+00
1.096951130728818669e+00
1.038469950598786884e+00
1.017219026555650219e+00
1.009055898308593546e+00
1.052879101397653505e+00
1.098910712003664969e+00
1.004380124666921725e+00
1.040704637278029310e+00
1.063036317210124038e+00
1.077044901309594849e+00
1.080305081767621633e+00
1.094237648069190438e+00
1.066020329010628487e+00
1.027336794959222699e+00
1.058951114735430687e+00
1.049476209433359619e+00
1.090317357223500982e+00
1.036668154147036391e+00
1.033880831504479403e+00
1.093125833921575474e+00
1.055430532434438851e+00
1.033144190963116937e+00
1.030663598133086500e+00
1.097781007098565409e+00
1.047998810984866580e+00
1.005647871083479306e+00
1.059891183488236743e+00
1.020213048363428854e+00
1.098136740404504375e+00
1.020737277612769001e+00
1.093155565032232213e+00
1.086542649442864050e+00
1.083887877465390615e+00
