1.082621457482332294e+00
1.004344190080765031e+00
1.091473489288533161e+00
1.084379914157691083e+00
1.093808701297536823e+00
1.053688746941665366e+00
1.097299244408385777e+00
1.046591211611380468e+00
1.068888087890892624e+00
1.084174352299974498e+00
1.009913092402936474e+00
1.037143787425707675e+00
1.082319922250390531e+00
1.064783733840306112e+00
1.077729071572004038e+00
1.018500794958200562e+00
1.069064789025335749e+00
1.063412051127118563e+00
1.030608154640898499e+00
1.075023455763204128e+00
1.069629098509041309e+00
1.061011871468142020e+00
1.044598126462781940e+00
1.051494997365539863e+00
1.007221999550984570e+00
1.042869730414510920e+00
1.029230410443490618e+00
1.007783907732352269e+00
1.072198053276210539e+00
1.095476055747896194e+00
1.022892207139405985e+00
1.030127427111608096e+00
1.094009031824415334e+00
1.039637729309507153e+00
1.001807911104406257e+00
1.089231613509144658e+00
1.031046274546394637e+00
1.026600394305802855e+00
1.009198198839919902e+00
1.042175859711457431e+00
1.045109994440582613e+00
1.070573048316273423e+00
1.051655200207806340e+00
1.097647410926527511e+00
1.033495011192095969e+00
1.058362570060147334e+00
1.064720706673345285e+00
1.037657614988483301e+00
1.021706107510560235e+00
1.055703890978231474e+00
1.016969608907589695e+00
1.031998953216339610e+00
1.074966948655142751e+00
1.065101853413985333e+00
1.018415903235621922e+00
1.033269096176141710e+00
1.033541754083260988e+00
1.034242857544540373e+00
1.072562531800480556e+00
1.049011646131399189e+00
1.070691497173756224e+00
1.085130866952548789e+00
1.006528786114616159e+00
1.003939244033278611e+00
1.097539715982305042e+00
1.008425877635410917e+00
1.001284371987539279e+00
1.051111872592865426e+00
1.046641930460288750e+00
1.038441897824674109e+00
1.098945305075760714e+00
1.098264665190648692e+00
1.016885579776672044e+00
1.030999973497260136e+00
1.082493944456083490e+00
1.062239872942417618e+00
1.044945968439195516e+00
1.090728194089169989e+00
1.041200264449496871e+00
1.021360915564367700e+00
1.029350403890382681e+00
1.050775071090109813e+00
1.005045051288783409e+00
1.053320079311441670e+00
1.044842058767496917e+00
1.007344284810870461e+00
1.003899837988057486e+00
1.025605970831440672e+00
1.053260456503162024e+00
1.030260494267006832e+00
1.099046523137968245e+00
1.009028260279269951e+00
1.009356484068374193e+00
1.018196648805391513e+00
1.070290106867402447e+00
1.019860620283827179e+00
1.080896820207759346e+00
1.053082315767429611e+00
1.084826024375916464e+00
1.015110426907389840e+00
1.032600309543924233e+00
1.039438424130154193e+00
1.030179645059069671e+00
1.087301463574609661e+00
1.043575964040086124e+00
1.002813290937494717e+00
1.036285458695094697e+00
1.003577069343812633e+00
1.086999920319710045e+00
1.096128070589697634e+00
1.039738870815152261e+00
1.015859027762053834e+00
1.045352487286968834e+00
1.093864022977487860e+00
1.056065298437795175e+00
1.056390311495577050e+00
1.087097651244427921e+00
1.012633442122357508e+00
1.031300260492871601e+00
1.046331297021228179e+00
1.089649223288260194e+00
1.093291815728340666e+00
1.057698391138171212e+00
1.016921131585376337e+00
1.032998300920069834e+00
1.038302509699366549e+00
1.045520322792540924e+00
1.079144755709573023e+00
1.051540472878864652e+00
1.008929407859826100e+00
1.064014889410758391e+00
1.098726349870409402e+00
1.094005265659664827e+00
1.092438381208225673e+00
1.021920745814885789e+00
1.019286544499134806e+00
1.064453652374420800e+00
1.049508586662730947e+00
1.093891622135766406e+00
1.078994286473670350e+00
1.042005594879115149e+00
1.086039413950654176e+00
1.055340664611427393e+00
1.096180517996750092e+00
1.082367406560615697e+00
1.075454423398939152e+00
1.002030822508965358e+00
1.017534552629716815e+00
1.085022834632132227e+00
1.082209197119248900e+00
1.047800295684321314e+00
1.078543144395110565e+00
1.041433853389368558e+00
1.055464079618683826e+00
1.016262161687589982e+00
1.062668671412421606e+00
1.008028273857747514e+00
1.057473344879380939e+00
1.011565770091715333e+00
1.072381321288668365e+00
1.014999610601376334e+00
1.027380221141562799e+00
1.069473979154276666e+00
1.055064031235436683e+00
1.059295187839515373e+00
1.042276417973372782e+00
1.060378178951527639e+00
1.099553030041769741e+00
1.000558154378962117e+00
1.052122883180936608e+00
1.078240377517794668e+00
1.044121226228418298e+00
1.015370376362050964e+00
1.083755478190051802e+00
1.017804201388291974e+00
1.043843147385619563e+00
1.079571037120773624e+00
1.001635052557385608e+00
1.080376548372118162e+00
1.076631026931825996e+00
1.069316586418165294e+00
1.052078099616355900e+00
1.091387996107745284e+00
1.084495209589756648e+00
1.017454225002113910e+00
1.042254153603517031e+00
1.034287849041836793e+00
1.064280259414045915e+00
1.094047987042947367e+00
1.099835907737856999e+00
1.085540774474123227e+00
1.028370910331452004e+00
1.094546946243744712e+00
1.029744771992487484e+00
1.040235840593898287e+00
1.038931364194664475e+00
1.032980856592370156e+00
1.097784155755578750e+00
1.088075176232530028e+00
1.071965592745167895e+00
