1.048894325498256119e+00
1.035915190240354056e+00
1.030193040605795973e+00
1.070710574094271061e+00
1.027640862083405437e+00
1.012385039825441924e+00
1.001874230644534958e+00
1.015941498599784554e+00
1.087145502833833044e+00
1.041517998370431242e+00
1.084937521777678882e+00
1.043620424865108420e+00
1.035407993179665587e+00
1.066409658198297583e+00
1.021093170973590425e+00
1.021600400382957075e+00
1.043803611845808943e+00
1.053950526545006872e+00
1.058456871259192411e+00
1.036936700804340195e+00
1.048716761797582553e+00
1.076715200545076634e+00
1.044509740835632750e+00
1.053643446152583873e+00
1.010234497010261245e+00
1.073493350469315599e+00
1.090008099896971228e+00
1.078350045833116777e+00
1.053413254021950074e+00
1.094084044393745403e+00
1.074106729019159046e+00
1.077671134060097291e+00
1.043541164963376122e+00
1.076276783231686185e+00
1.007804955464775443e+00
1.099469828253438752e+00
1.053682224920661881e+00
1.052786329076277339e+00
1.062418521786459014e+00
1.066830091000589453e+00
1.013681183215680237e+00
1.099988676936144882e+00
1.058973867483788522e+00
1.095387220546268470e+00
1.068869028659270137e+00
1.042830204608705014e+00
1.037669501121928795e+00
1.070801892440748748e+00
1.031238331614182657e+00
1.026010252789721688e+00
1.055577323527560951e+00
1.024330564671128485e+00
1.063209650623749614e+00
1.028981701486665568e+00
1.081646008399874681e+00
1.073225073646071115e+00
1.003595070776496678e+00
1.091023414111195189e+00
1.019355839472609659e+00
1.035585096749392475e+00
1.046908727193413657e+00
1.002308757669866823e+00
1.079877923718294719e+00
1.098110408668647953e+00
1.032368555722374959e+00
1.085324135187546002e+00
1.055063533454425162e+00
1.087114940180314848e+00
1.012246503849290047e+00
1.027915269198262704e+00
1.035246742706431800e+00
1.023387026670953270e+00
1.012333017648155531e+00
1.048015415716166521e+00
1.041943053761443805e+00
1.023346057619258342e+00
1.046804251340424319e+00
1.035215838095752128e+00
1.046657236469556551e+00
1.086943948929909975e+00
1.012474581158977704e+00
1.063371952596813053e+00
1.037572152977793261e+00
1.083654114217466935e+00
1.093357691486516181e+00
1.060582600182663260e+00
1.089300184750699563e+00
1.044399765710430472e+00
1.018440848020687906e+00
1.087480512282295031e+00
1.015339330476717761e+00
1.025470813906368850e+00
1.095366914860126162e+00
1.081864753185731498e+00
1.034740120544762831e+00
1.005755142896234133e+00
1.061469602387579370e+00
1.068543378592293092e+00
1.074940095188708256e+00
1.000623220749295994e+00
1.079652353724024350e+00
1.055921947522668880e+00
1.037162927226240372e+00
1.040477392788934585e+00
1.089866417308789748e+00
1.048868433314488424e+00
1.036234787630043064e+00
1.008192065828369399e+00
1.070241950392213814e+00
1.020014816105909272e+00
1.089666957291794747e+00
1.019394166246126110e+00
1.019855459792179619e+00
1.051517342080902750e+00
1.091802544196439184e+00
1.072510448260795668e+00
1.041898863942387399e+00
1.076969211715485875e+00
1.089840065164978666e+00
1.052188881493022699e+00
1.030700489754726723e+00
1.007961977975457168e+00
1.078985980947150036e+00
1.099569667925866190e+00
1.086775958893499761e+00
1.065285687351489097e+00
1.018260789059062477e+00
1.025759676968872602e+00
1.002836728317628268e+00
1.076535114076941024e+00
1.059925570168963382e+00
1.049363553920918513e+00
1.038041927357252314e+00
1.038647992951019505e+00
1.078603769164453885e+00
1.006167766136462305e+00
1.007816816213748412e+00
1.024728375578502604e+00
1.079624139038708242e+00
1.004714751083081614e+00
1.096811001168532362e+00
1.083470636943023813e+00
1.015767747989415382e+00
1.019875161626060844e+00
1.072257420774012981e+00
1.065105717569740484e+00
1.034562153237261084e+00
1.018353695276367654e+00
1.063067826780924596e+00
1.001028392156809055e+00
1.008182228910577738e+00
1.046962241906858271e+00
1.012652594906641612e+00
1.072092633716841492e+00
1.083744838324108617e+00
1.073631078229259517e+00
1.010743386441096181e+00
1.036984943226288536e+00
1.008989495614396548e+00
1.082562591409232500e+00
1.085501284890876939e+00
1.089099950077335954e+00
1.046088541949499184e+00
1.018117886296460162e+00
1.049353608488804657e+00
1.091137272072358444e+00
1.074200178786572257e+00
1.097910514676984750e+00
1.076741514538904543e+00
1.080140311520856988e+00
1.048972672859479482e+00
1.090172011243066841e+00
1.009558297924623149e+00
1.084905459210457446e+00
1.087360729735004083e+00
1.059309219211694408e+00
1.099954888525907837e+00
1.004020070364633588e+00
1.076535503215525491e+00
1.032982129011461803e+00
1.055142577852608010e+00
1.018230715740448877e+00
1.019708190776455803e+00
1.024607471432120942e+00
1.050824569087981386e+00
1.075977322636529010e+00
1.043675106999477853e+00
1.038975760932247638e+00
1.077494179408906128e+00
1.064441748159890899e+00
1.010357447310491041e+00
1.010794634440059125e+00
1.091866794224921833e+00
1.078726588427307620e+00
1.095648532509574391e+00
1.056225325344927857e+00
1.002369883058845224e+00
1.081791221048699070e+00
1.093441927353356879e+00
1.093594519321902547e+00
