1.070808711103052646e+00
1.031446461998225317e+00
1.034464211303448344e+00
1.064135061516065406e+00
1.066716979021760991e+00
1.032584799379382412e+00
1.031725958282331490e+00
1.081936387941661692e+00
1.006457972241401100e+00
1.094924974313989940e+00
1.050996999997371173e+00
1.092964473624510324e+00
1.032679484517496915e+00
1.033860730273074680e+00
1.072499681374728731e+00
1.000941743999308464e+00
1.061389291830900472e+00
1.035298600440316186e+00
1.081057505507576622e+00
1.095299192482884987e+00
1.020256311467546695e+00
1.028094526809510745e+00
1.042535856711333864e+00
1.014571755011504317e+00
1.018068758543430707e+00
1.061381032943398806e+00
1.074726491149193830e+00
1.088040485486712283e+00
1.015699309537450690e+00
1.083740959678945792e+00
1.005525679759438296e+00
1.028497469153366151e+00
1.039121947896582077e+00
1.053583643609248499e+00
1.063378254322300265e+00
1.006706705547602221e+00
1.036175292558143113e+00
1.093215104391009440e+00
1.060355940391656260e+00
1.001417665964566162e+00
1.049583739892121947e+00
1.039616696589299893e+00
1.021129044754762072e+00
1.085085208374249932e+00
1.040876626963423979e+00
1.021602497218410788e+00
1.072361427219544527e+00
1.071554339244541465e+00
1.091766467783489514e+00
1.087416198795503997e+00
1.064736724191278627e+00
1.052850754811059053e+00
1.017957282951984954e+00
1.079638239133399624e+00
1.090666983824960301e+00
1.006555850275599351e+00
1.084240590185485686e+00
1.054832241137890314e+00
1.009947492408507008e+00
1.081248533707413362e+00
1.084915756634237338e+00
1.044874949733171743e+00
1.036018796183844293e+00
1.019129053893349068e+00
1.069656082165252986e+00
1.070010071104500193e+00
1.036048867903332837e+00
1.014917689540413948e+00
1.045629409835969525e+00
1.039850683755852101e+00
1.058280479098646421e+00
1.048905702439208998e+00
1.017600131487591320e+00
1.005832999418312612e+00
1.025781676105909757e+00
1.042648682517511638e+00
1.023034798788001964e+00
1.024136173156732221e+00
1.061550132563445992e+00
1.065127920473879719e+00
1.095622359393607415e+00
1.003176207547358256e+00
1.004922563042655037e+00
1.027032164664387404e+00
1.073047735362873567e+00
1.037496918046348027e+00
1.044642393439108696e+00
1.093265658486850755e+00
1.035804205343138218e+00
1.035281165898025879e+00
1.094416517548367107e+00
1.032138353020635613e+00
1.094503442448125696e+00
1.018785113086680072e+00
1.011546477252583065e+00
1.010147700257219006e+00
1.001355047584155278e+00
1.073156013582216017e+00
1.085161259497021469e+00
1.092546634006448469e+00
1.003897066219944678e+00
1.081825884881866262e+00
1.032493505857426053e+00
1.000433905420188285e+00
1.039682769345492197e+00
1.090017433674342451e+00
1.033074745500175196e+00
1.055787581951886489e+00
1.066392596152117456e+00
1.084793139165388665e+00
1.008904221255741307e+00
1.009519647615381377e+00
1.023140761201824400e+00
1.077983316086655208e+00
1.014838873096789662e+00
1.070637171301344726e+00
1.095611936059164737e+00
1.049384360091918822e+00
1.024077246904320670e+00
1.042704799260888660e+00
1.089330280116645122e+00
1.070459143840295058e+00
1.007013584166929876e+00
1.059618842688387463e+00
1.063641577233210622e+00
1.035719730808355665e+00
1.086856537190275418e+00
1.032828044083174079e+00
1.042787651802790760e+00
1.089995419622983741e+00
1.025535353786272585e+00
1.056623440826332860e+00
1.008528160558942233e+00
1.094988010909347276e+00
1.016720136929081031e+00
1.040376166289056270e+00
1.000668222480486813e+00
1.042020326662549623e+00
1.013344627265390097e+00
1.093846933269262633e+00
1.088175305082681454e+00
1.002024004149182135e+00
1.019356364956383043e+00
1.002430739761903444e+00
1.061128860152898978e+00
1.019028375636002792e+00
1.073840878325041492e+00
1.062822648456411168e+00
1.059022760409877417e+00
1.057545331077864859e+00
1.016834081224304187e+00
1.097709023710721210e+00
1.057154976161722937e+00
1.091620780191222329e+00
1.092778756945542051e+00
1.085705507712068529e+00
1.085552117219272139e+00
1.018395598199555163e+00
1.066588682727598325e+00
1.000312582414678575e+00
1.055467595409636195e+00
1.097068628220875031e+00
1.067230528265765033e+00
1.056472755280090992e+00
1.025164459571102249e+00
1.048396851377083827e+00
1.070967687794803558e+00
1.030135806853030855e+00
1.085624256720626457e+00
1.083489029762397138e+00
1.043150315195018774e+00
1.017805576229083631e+00
1.074157680398152737e+00
1.088336483392689180e+00
1.063168011781143063e+00
1.063421243735494404e+00
1.087828694582509304e+00
1.088487931938165065e+00
1.010908990479436831e+00
1.087604256535103397e+00
1.030045100720985207e+00
1.096323834596246716e+00
1.096444399279516979e+00
1.015325775048587786e+00
1.053001571184234431e+00
1.024257922013697142e+00
1.058530602405199694e+00
1.061139602285132932e+00
1.026358240739877248e+00
1.061934869360812606e+00
1.001961927625164117e+00
1.077707689869435326e+00
1.082224468530060602e+00
1.011973028306370148e+00
1.034414153033137662e+00
1.070759838341043713e+00
1.035582988630410650e+00
1.054799944459736905e+00
1.043849465190224368e+00
1.039234094965602262e+00
